300 20
1 1 2
1 2 8
1 3 8
1 4 5
1 5 1
1 6 4
1 7 1
1 8 8
1 9 1
1 10 10
1 11 3
1 12 9
1 13 10
1 14 5
1 15 8
1 16 7
1 17 10
1 18 9
1 19 7
1 20 1
2 1 7
2 2 1
2 3 10
2 4 8
2 5 7
2 6 5
2 7 2
2 8 1
2 9 9
2 10 5
2 11 10
2 12 4
2 13 10
2 14 1
2 15 10
2 16 7
2 17 9
2 18 5
2 19 3
2 20 5
3 1 6
3 2 2
3 3 4
3 4 9
3 5 2
3 6 10
3 7 5
3 8 4
3 9 8
3 10 2
3 11 2
3 12 5
3 13 7
3 14 4
3 15 6
3 16 7
3 17 7
3 18 10
3 19 7
3 20 1
4 1 10
4 2 9
4 3 10
4 4 2
4 5 1
4 6 2
4 7 6
4 8 9
4 9 3
4 10 8
4 11 3
4 12 10
4 13 1
4 14 7
4 15 6
4 16 5
4 17 5
4 18 9
4 19 3
4 20 9
5 1 7
5 2 7
5 3 8
5 4 7
5 5 6
5 6 10
5 7 7
5 8 7
5 9 9
5 10 4
5 11 2
5 12 4
5 13 2
5 14 1
5 15 10
5 16 6
5 17 2
5 18 3
5 19 7
5 20 3
6 1 8
6 2 10
6 3 1
6 4 5
6 5 7
6 6 2
6 7 1
6 8 2
6 9 10
6 10 3
6 11 4
6 12 4
6 13 10
6 14 7
6 15 9
6 16 3
6 17 1
6 18 4
6 19 1
6 20 5
7 1 2
7 2 10
7 3 7
7 4 3
7 5 1
7 6 2
7 7 2
7 8 8
7 9 9
7 10 10
7 11 2
7 12 5
7 13 2
7 14 9
7 15 3
7 16 5
7 17 8
7 18 3
7 19 8
7 20 2
8 1 10
8 2 1
8 3 2
8 4 1
8 5 6
8 6 6
8 7 3
8 8 2
8 9 8
8 10 3
8 11 10
8 12 6
8 13 10
8 14 3
8 15 8
8 16 3
8 17 6
8 18 10
8 19 1
8 20 9
9 1 9
9 2 8
9 3 10
9 4 6
9 5 9
9 6 1
9 7 6
9 8 9
9 9 7
9 10 1
9 11 10
9 12 3
9 13 2
9 14 8
9 15 8
9 16 3
9 17 6
9 18 2
9 19 3
9 20 10
10 1 9
10 2 10
10 3 7
10 4 2
10 5 10
10 6 2
10 7 7
10 8 7
10 9 8
10 10 10
10 11 3
10 12 7
10 13 3
10 14 5
10 15 10
10 16 4
10 17 10
10 18 7
10 19 8
10 20 9
11 1 9
11 2 6
11 3 9
11 4 7
11 5 3
11 6 9
11 7 7
11 8 7
11 9 2
11 10 4
11 11 5
11 12 4
11 13 2
11 14 5
11 15 7
11 16 1
11 17 3
11 18 8
11 19 10
11 20 4
12 1 10
12 2 2
12 3 10
12 4 10
12 5 3
12 6 1
12 7 9
12 8 2
12 9 10
12 10 6
12 11 2
12 12 10
12 13 2
12 14 9
12 15 5
12 16 8
12 17 9
12 18 6
12 19 5
12 20 1
13 1 2
13 2 6
13 3 8
13 4 7
13 5 8
13 6 9
13 7 10
13 8 8
13 9 9
13 10 7
13 11 4
13 12 10
13 13 1
13 14 5
13 15 5
13 16 7
13 17 8
13 18 4
13 19 4
13 20 7
14 1 7
14 2 3
14 3 6
14 4 2
14 5 8
14 6 5
14 7 6
14 8 3
14 9 6
14 10 2
14 11 10
14 12 10
14 13 5
14 14 9
14 15 8
14 16 5
14 17 3
14 18 2
14 19 4
14 20 9
15 1 3
15 2 6
15 3 4
15 4 4
15 5 9
15 6 6
15 7 7
15 8 4
15 9 7
15 10 9
15 11 4
15 12 9
15 13 10
15 14 3
15 15 4
15 16 5
15 17 2
15 18 5
15 19 10
15 20 9
16 1 7
16 2 5
16 3 8
16 4 4
16 5 10
16 6 4
16 7 3
16 8 2
16 9 7
16 10 8
16 11 1
16 12 4
16 13 6
16 14 3
16 15 4
16 16 1
16 17 4
16 18 2
16 19 3
16 20 9
17 1 10
17 2 2
17 3 8
17 4 10
17 5 6
17 6 2
17 7 9
17 8 5
17 9 5
17 10 10
17 11 10
17 12 6
17 13 1
17 14 8
17 15 6
17 16 5
17 17 4
17 18 2
17 19 10
17 20 2
18 1 5
18 2 10
18 3 8
18 4 1
18 5 10
18 6 8
18 7 10
18 8 9
18 9 9
18 10 8
18 11 2
18 12 10
18 13 10
18 14 6
18 15 2
18 16 4
18 17 9
18 18 10
18 19 9
18 20 2
19 1 9
19 2 1
19 3 7
19 4 5
19 5 5
19 6 1
19 7 4
19 8 7
19 9 1
19 10 6
19 11 1
19 12 7
19 13 1
19 14 5
19 15 5
19 16 4
19 17 9
19 18 4
19 19 3
19 20 1
20 1 9
20 2 6
20 3 1
20 4 1
20 5 10
20 6 5
20 7 10
20 8 5
20 9 6
20 10 5
20 11 10
20 12 8
20 13 9
20 14 5
20 15 3
20 16 10
20 17 3
20 18 7
20 19 2
20 20 6
21 1 10
21 2 5
21 3 2
21 4 8
21 5 4
21 6 3
21 7 2
21 8 3
21 9 3
21 10 8
21 11 5
21 12 9
21 13 6
21 14 7
21 15 5
21 16 3
21 17 2
21 18 2
21 19 5
21 20 2
22 1 10
22 2 6
22 3 9
22 4 1
22 5 2
22 6 10
22 7 4
22 8 1
22 9 5
22 10 9
22 11 5
22 12 5
22 13 10
22 14 2
22 15 2
22 16 3
22 17 9
22 18 10
22 19 2
22 20 8
23 1 4
23 2 9
23 3 10
23 4 3
23 5 1
23 6 1
23 7 7
23 8 5
23 9 6
23 10 8
23 11 3
23 12 9
23 13 9
23 14 4
23 15 8
23 16 5
23 17 9
23 18 5
23 19 5
23 20 2
24 1 5
24 2 3
24 3 9
24 4 6
24 5 5
24 6 4
24 7 2
24 8 7
24 9 8
24 10 7
24 11 6
24 12 10
24 13 4
24 14 6
24 15 7
24 16 3
24 17 9
24 18 10
24 19 2
24 20 9
25 1 1
25 2 8
25 3 6
25 4 10
25 5 10
25 6 8
25 7 5
25 8 1
25 9 4
25 10 3
25 11 2
25 12 1
25 13 3
25 14 8
25 15 9
25 16 6
25 17 6
25 18 5
25 19 9
25 20 10
26 1 6
26 2 4
26 3 2
26 4 3
26 5 5
26 6 9
26 7 4
26 8 8
26 9 8
26 10 9
26 11 2
26 12 4
26 13 6
26 14 5
26 15 7
26 16 9
26 17 10
26 18 5
26 19 3
26 20 1
27 1 9
27 2 7
27 3 9
27 4 9
27 5 9
27 6 10
27 7 5
27 8 2
27 9 1
27 10 8
27 11 10
27 12 7
27 13 4
27 14 10
27 15 4
27 16 7
27 17 1
27 18 10
27 19 8
27 20 2
28 1 7
28 2 3
28 3 7
28 4 8
28 5 10
28 6 2
28 7 6
28 8 6
28 9 9
28 10 9
28 11 7
28 12 5
28 13 1
28 14 10
28 15 9
28 16 2
28 17 10
28 18 2
28 19 7
28 20 4
29 1 4
29 2 2
29 3 6
29 4 6
29 5 5
29 6 8
29 7 5
29 8 8
29 9 6
29 10 7
29 11 7
29 12 10
29 13 5
29 14 8
29 15 9
29 16 3
29 17 8
29 18 4
29 19 3
29 20 1
30 1 7
30 2 6
30 3 1
30 4 7
30 5 7
30 6 9
30 7 8
30 8 9
30 9 5
30 10 6
30 11 2
30 12 8
30 13 6
30 14 8
30 15 6
30 16 5
30 17 3
30 18 5
30 19 9
30 20 2
31 1 6
31 2 3
31 3 5
31 4 6
31 5 4
31 6 6
31 7 3
31 8 9
31 9 6
31 10 5
31 11 9
31 12 4
31 13 3
31 14 7
31 15 7
31 16 1
31 17 4
31 18 9
31 19 10
31 20 1
32 1 9
32 2 3
32 3 2
32 4 10
32 5 1
32 6 9
32 7 5
32 8 1
32 9 4
32 10 6
32 11 8
32 12 9
32 13 7
32 14 8
32 15 9
32 16 7
32 17 3
32 18 2
32 19 2
32 20 4
33 1 4
33 2 4
33 3 9
33 4 3
33 5 8
33 6 6
33 7 4
33 8 7
33 9 2
33 10 10
33 11 10
33 12 8
33 13 4
33 14 4
33 15 4
33 16 2
33 17 3
33 18 6
33 19 8
33 20 10
34 1 5
34 2 10
34 3 10
34 4 1
34 5 9
34 6 10
34 7 3
34 8 9
34 9 10
34 10 1
34 11 2
34 12 6
34 13 7
34 14 4
34 15 5
34 16 8
34 17 7
34 18 6
34 19 10
34 20 9
35 1 10
35 2 3
35 3 2
35 4 10
35 5 1
35 6 8
35 7 4
35 8 5
35 9 2
35 10 6
35 11 7
35 12 9
35 13 9
35 14 2
35 15 4
35 16 2
35 17 1
35 18 9
35 19 1
35 20 8
36 1 10
36 2 3
36 3 9
36 4 6
36 5 6
36 6 8
36 7 9
36 8 7
36 9 10
36 10 8
36 11 5
36 12 8
36 13 7
36 14 6
36 15 1
36 16 5
36 17 4
36 18 8
36 19 8
36 20 10
37 1 5
37 2 5
37 3 6
37 4 10
37 5 7
37 6 6
37 7 7
37 8 1
37 9 2
37 10 9
37 11 2
37 12 3
37 13 4
37 14 7
37 15 7
37 16 10
37 17 1
37 18 5
37 19 5
37 20 7
38 1 7
38 2 3
38 3 7
38 4 4
38 5 9
38 6 5
38 7 9
38 8 5
38 9 4
38 10 9
38 11 9
38 12 7
38 13 7
38 14 4
38 15 3
38 16 2
38 17 9
38 18 3
38 19 3
38 20 6
39 1 10
39 2 1
39 3 5
39 4 3
39 5 10
39 6 5
39 7 9
39 8 3
39 9 7
39 10 6
39 11 2
39 12 10
39 13 2
39 14 6
39 15 9
39 16 3
39 17 10
39 18 7
39 19 6
39 20 5
40 1 10
40 2 6
40 3 9
40 4 1
40 5 4
40 6 10
40 7 5
40 8 3
40 9 7
40 10 7
40 11 4
40 12 8
40 13 8
40 14 7
40 15 9
40 16 4
40 17 5
40 18 5
40 19 5
40 20 10
41 1 7
41 2 10
41 3 8
41 4 4
41 5 9
41 6 10
41 7 1
41 8 1
41 9 3
41 10 5
41 11 1
41 12 2
41 13 2
41 14 1
41 15 10
41 16 4
41 17 9
41 18 8
41 19 7
41 20 7
42 1 7
42 2 2
42 3 4
42 4 6
42 5 5
42 6 6
42 7 9
42 8 5
42 9 5
42 10 3
42 11 5
42 12 1
42 13 3
42 14 2
42 15 9
42 16 3
42 17 4
42 18 10
42 19 9
42 20 10
43 1 9
43 2 1
43 3 8
43 4 8
43 5 9
43 6 3
43 7 1
43 8 10
43 9 5
43 10 5
43 11 1
43 12 8
43 13 1
43 14 3
43 15 6
43 16 4
43 17 3
43 18 5
43 19 4
43 20 6
44 1 1
44 2 2
44 3 6
44 4 10
44 5 10
44 6 3
44 7 2
44 8 3
44 9 9
44 10 6
44 11 3
44 12 10
44 13 4
44 14 9
44 15 8
44 16 4
44 17 7
44 18 3
44 19 5
44 20 3
45 1 2
45 2 8
45 3 7
45 4 6
45 5 1
45 6 5
45 7 3
45 8 8
45 9 5
45 10 10
45 11 5
45 12 9
45 13 4
45 14 10
45 15 9
45 16 9
45 17 6
45 18 7
45 19 5
45 20 9
46 1 4
46 2 3
46 3 9
46 4 5
46 5 5
46 6 8
46 7 3
46 8 4
46 9 9
46 10 2
46 11 3
46 12 9
46 13 7
46 14 8
46 15 7
46 16 8
46 17 9
46 18 6
46 19 8
46 20 5
47 1 9
47 2 3
47 3 9
47 4 4
47 5 4
47 6 4
47 7 8
47 8 10
47 9 2
47 10 3
47 11 5
47 12 1
47 13 7
47 14 2
47 15 10
47 16 5
47 17 3
47 18 2
47 19 7
47 20 2
48 1 10
48 2 9
48 3 1
48 4 9
48 5 8
48 6 8
48 7 2
48 8 10
48 9 3
48 10 2
48 11 6
48 12 10
48 13 4
48 14 2
48 15 1
48 16 3
48 17 4
48 18 8
48 19 5
48 20 6
49 1 1
49 2 8
49 3 6
49 4 10
49 5 7
49 6 2
49 7 1
49 8 4
49 9 9
49 10 10
49 11 7
49 12 8
49 13 2
49 14 5
49 15 3
49 16 5
49 17 10
49 18 5
49 19 4
49 20 6
50 1 7
50 2 8
50 3 8
50 4 3
50 5 9
50 6 5
50 7 9
50 8 6
50 9 5
50 10 7
50 11 1
50 12 9
50 13 1
50 14 9
50 15 4
50 16 8
50 17 5
50 18 2
50 19 7
50 20 5
51 1 1
51 2 6
51 3 7
51 4 2
51 5 4
51 6 5
51 7 7
51 8 6
51 9 2
51 10 9
51 11 3
51 12 1
51 13 6
51 14 4
51 15 1
51 16 9
51 17 2
51 18 1
51 19 9
51 20 7
52 1 9
52 2 4
52 3 6
52 4 7
52 5 1
52 6 7
52 7 10
52 8 4
52 9 8
52 10 1
52 11 10
52 12 8
52 13 1
52 14 4
52 15 7
52 16 9
52 17 1
52 18 5
52 19 1
52 20 3
53 1 6
53 2 5
53 3 6
53 4 5
53 5 1
53 6 3
53 7 4
53 8 6
53 9 8
53 10 2
53 11 3
53 12 6
53 13 5
53 14 4
53 15 8
53 16 4
53 17 2
53 18 6
53 19 8
53 20 6
54 1 10
54 2 10
54 3 2
54 4 8
54 5 6
54 6 7
54 7 6
54 8 3
54 9 5
54 10 4
54 11 4
54 12 4
54 13 7
54 14 8
54 15 7
54 16 9
54 17 3
54 18 10
54 19 8
54 20 8
55 1 10
55 2 1
55 3 8
55 4 3
55 5 2
55 6 2
55 7 3
55 8 2
55 9 4
55 10 7
55 11 9
55 12 6
55 13 8
55 14 5
55 15 2
55 16 2
55 17 7
55 18 10
55 19 4
55 20 9
56 1 5
56 2 5
56 3 2
56 4 1
56 5 4
56 6 7
56 7 5
56 8 4
56 9 10
56 10 10
56 11 5
56 12 3
56 13 4
56 14 6
56 15 6
56 16 5
56 17 8
56 18 7
56 19 10
56 20 7
57 1 5
57 2 4
57 3 1
57 4 10
57 5 10
57 6 3
57 7 2
57 8 9
57 9 7
57 10 3
57 11 1
57 12 6
57 13 7
57 14 9
57 15 5
57 16 10
57 17 5
57 18 5
57 19 5
57 20 6
58 1 4
58 2 2
58 3 3
58 4 7
58 5 1
58 6 10
58 7 3
58 8 6
58 9 4
58 10 10
58 11 8
58 12 1
58 13 1
58 14 10
58 15 2
58 16 1
58 17 7
58 18 2
58 19 2
58 20 2
59 1 6
59 2 10
59 3 2
59 4 4
59 5 2
59 6 2
59 7 3
59 8 3
59 9 6
59 10 7
59 11 8
59 12 10
59 13 8
59 14 5
59 15 4
59 16 8
59 17 7
59 18 9
59 19 9
59 20 2
60 1 7
60 2 3
60 3 2
60 4 2
60 5 9
60 6 9
60 7 3
60 8 5
60 9 2
60 10 7
60 11 7
60 12 9
60 13 1
60 14 10
60 15 9
60 16 7
60 17 7
60 18 6
60 19 9
60 20 7
61 1 10
61 2 6
61 3 4
61 4 6
61 5 7
61 6 8
61 7 7
61 8 5
61 9 7
61 10 5
61 11 10
61 12 1
61 13 7
61 14 7
61 15 5
61 16 10
61 17 3
61 18 8
61 19 4
61 20 9
62 1 1
62 2 10
62 3 5
62 4 7
62 5 9
62 6 3
62 7 3
62 8 9
62 9 4
62 10 7
62 11 5
62 12 9
62 13 6
62 14 2
62 15 9
62 16 9
62 17 4
62 18 1
62 19 3
62 20 2
63 1 4
63 2 1
63 3 9
63 4 1
63 5 2
63 6 2
63 7 4
63 8 5
63 9 3
63 10 10
63 11 3
63 12 10
63 13 5
63 14 3
63 15 5
63 16 9
63 17 2
63 18 4
63 19 4
63 20 2
64 1 8
64 2 7
64 3 1
64 4 3
64 5 1
64 6 10
64 7 3
64 8 1
64 9 9
64 10 5
64 11 4
64 12 2
64 13 10
64 14 9
64 15 9
64 16 7
64 17 1
64 18 10
64 19 10
64 20 10
65 1 10
65 2 8
65 3 3
65 4 4
65 5 6
65 6 2
65 7 7
65 8 5
65 9 6
65 10 8
65 11 10
65 12 6
65 13 4
65 14 9
65 15 8
65 16 10
65 17 8
65 18 4
65 19 10
65 20 3
66 1 2
66 2 6
66 3 6
66 4 4
66 5 10
66 6 10
66 7 7
66 8 4
66 9 7
66 10 1
66 11 6
66 12 1
66 13 8
66 14 9
66 15 4
66 16 6
66 17 9
66 18 8
66 19 9
66 20 8
67 1 4
67 2 6
67 3 4
67 4 3
67 5 2
67 6 5
67 7 7
67 8 8
67 9 1
67 10 8
67 11 8
67 12 4
67 13 5
67 14 4
67 15 7
67 16 4
67 17 1
67 18 8
67 19 5
67 20 10
68 1 2
68 2 3
68 3 3
68 4 4
68 5 10
68 6 3
68 7 6
68 8 1
68 9 3
68 10 9
68 11 10
68 12 2
68 13 3
68 14 7
68 15 2
68 16 6
68 17 6
68 18 10
68 19 4
68 20 3
69 1 8
69 2 7
69 3 3
69 4 3
69 5 2
69 6 8
69 7 8
69 8 8
69 9 7
69 10 6
69 11 3
69 12 10
69 13 3
69 14 5
69 15 7
69 16 3
69 17 1
69 18 7
69 19 4
69 20 6
70 1 8
70 2 3
70 3 4
70 4 1
70 5 9
70 6 5
70 7 7
70 8 7
70 9 2
70 10 9
70 11 9
70 12 1
70 13 10
70 14 8
70 15 2
70 16 1
70 17 1
70 18 5
70 19 8
70 20 4
71 1 4
71 2 7
71 3 4
71 4 6
71 5 5
71 6 6
71 7 8
71 8 8
71 9 1
71 10 7
71 11 9
71 12 10
71 13 5
71 14 2
71 15 1
71 16 4
71 17 5
71 18 5
71 19 7
71 20 2
72 1 10
72 2 7
72 3 7
72 4 8
72 5 2
72 6 9
72 7 10
72 8 6
72 9 9
72 10 9
72 11 5
72 12 4
72 13 2
72 14 4
72 15 6
72 16 4
72 17 5
72 18 9
72 19 5
72 20 8
73 1 7
73 2 3
73 3 7
73 4 3
73 5 7
73 6 7
73 7 4
73 8 9
73 9 2
73 10 1
73 11 10
73 12 1
73 13 7
73 14 7
73 15 10
73 16 7
73 17 6
73 18 2
73 19 5
73 20 3
74 1 1
74 2 6
74 3 5
74 4 1
74 5 5
74 6 8
74 7 7
74 8 10
74 9 1
74 10 4
74 11 9
74 12 4
74 13 8
74 14 4
74 15 6
74 16 6
74 17 6
74 18 2
74 19 8
74 20 7
75 1 5
75 2 10
75 3 7
75 4 8
75 5 6
75 6 8
75 7 8
75 8 2
75 9 3
75 10 2
75 11 7
75 12 10
75 13 8
75 14 7
75 15 8
75 16 3
75 17 5
75 18 10
75 19 8
75 20 10
76 1 3
76 2 2
76 3 9
76 4 6
76 5 5
76 6 1
76 7 6
76 8 7
76 9 8
76 10 5
76 11 4
76 12 6
76 13 6
76 14 8
76 15 10
76 16 7
76 17 4
76 18 5
76 19 1
76 20 10
77 1 2
77 2 9
77 3 7
77 4 3
77 5 6
77 6 10
77 7 8
77 8 5
77 9 2
77 10 5
77 11 7
77 12 4
77 13 9
77 14 2
77 15 5
77 16 9
77 17 2
77 18 1
77 19 1
77 20 10
78 1 6
78 2 10
78 3 3
78 4 3
78 5 7
78 6 8
78 7 7
78 8 10
78 9 10
78 10 4
78 11 10
78 12 8
78 13 9
78 14 4
78 15 3
78 16 10
78 17 10
78 18 10
78 19 2
78 20 5
79 1 4
79 2 7
79 3 3
79 4 7
79 5 3
79 6 1
79 7 1
79 8 1
79 9 5
79 10 3
79 11 1
79 12 9
79 13 5
79 14 8
79 15 2
79 16 10
79 17 9
79 18 7
79 19 3
79 20 8
80 1 6
80 2 2
80 3 10
80 4 2
80 5 5
80 6 2
80 7 9
80 8 3
80 9 1
80 10 2
80 11 3
80 12 8
80 13 5
80 14 5
80 15 8
80 16 7
80 17 3
80 18 2
80 19 3
80 20 10
81 1 7
81 2 3
81 3 10
81 4 10
81 5 6
81 6 9
81 7 8
81 8 3
81 9 3
81 10 6
81 11 2
81 12 9
81 13 10
81 14 3
81 15 3
81 16 10
81 17 7
81 18 6
81 19 8
81 20 4
82 1 7
82 2 9
82 3 1
82 4 4
82 5 9
82 6 3
82 7 8
82 8 1
82 9 8
82 10 4
82 11 9
82 12 8
82 13 5
82 14 9
82 15 1
82 16 9
82 17 4
82 18 4
82 19 2
82 20 6
83 1 10
83 2 10
83 3 8
83 4 10
83 5 2
83 6 6
83 7 3
83 8 4
83 9 3
83 10 3
83 11 2
83 12 7
83 13 8
83 14 8
83 15 4
83 16 7
83 17 4
83 18 9
83 19 2
83 20 2
84 1 9
84 2 8
84 3 9
84 4 1
84 5 10
84 6 9
84 7 1
84 8 4
84 9 9
84 10 9
84 11 1
84 12 9
84 13 2
84 14 7
84 15 2
84 16 6
84 17 9
84 18 7
84 19 10
84 20 2
85 1 8
85 2 6
85 3 1
85 4 4
85 5 9
85 6 8
85 7 3
85 8 10
85 9 8
85 10 6
85 11 4
85 12 6
85 13 9
85 14 10
85 15 7
85 16 3
85 17 6
85 18 8
85 19 9
85 20 1
86 1 9
86 2 3
86 3 3
86 4 7
86 5 1
86 6 4
86 7 4
86 8 3
86 9 8
86 10 8
86 11 3
86 12 1
86 13 2
86 14 2
86 15 2
86 16 1
86 17 5
86 18 2
86 19 4
86 20 5
87 1 10
87 2 3
87 3 4
87 4 7
87 5 6
87 6 9
87 7 2
87 8 5
87 9 9
87 10 6
87 11 7
87 12 1
87 13 1
87 14 5
87 15 6
87 16 7
87 17 1
87 18 8
87 19 1
87 20 5
88 1 10
88 2 1
88 3 5
88 4 8
88 5 6
88 6 9
88 7 7
88 8 1
88 9 2
88 10 10
88 11 3
88 12 9
88 13 1
88 14 2
88 15 3
88 16 1
88 17 4
88 18 2
88 19 1
88 20 9
89 1 9
89 2 3
89 3 5
89 4 8
89 5 8
89 6 8
89 7 6
89 8 9
89 9 6
89 10 6
89 11 3
89 12 5
89 13 7
89 14 3
89 15 10
89 16 5
89 17 5
89 18 10
89 19 3
89 20 8
90 1 3
90 2 7
90 3 1
90 4 9
90 5 1
90 6 7
90 7 5
90 8 2
90 9 10
90 10 2
90 11 2
90 12 4
90 13 8
90 14 9
90 15 6
90 16 4
90 17 6
90 18 9
90 19 6
90 20 6
91 1 8
91 2 5
91 3 4
91 4 2
91 5 5
91 6 6
91 7 4
91 8 5
91 9 9
91 10 5
91 11 8
91 12 2
91 13 1
91 14 3
91 15 6
91 16 5
91 17 7
91 18 3
91 19 8
91 20 7
92 1 7
92 2 8
92 3 5
92 4 5
92 5 6
92 6 5
92 7 9
92 8 3
92 9 2
92 10 9
92 11 5
92 12 4
92 13 3
92 14 6
92 15 5
92 16 2
92 17 7
92 18 2
92 19 3
92 20 4
93 1 3
93 2 1
93 3 10
93 4 9
93 5 10
93 6 6
93 7 4
93 8 8
93 9 8
93 10 10
93 11 7
93 12 4
93 13 8
93 14 5
93 15 5
93 16 2
93 17 6
93 18 5
93 19 1
93 20 5
94 1 7
94 2 9
94 3 1
94 4 1
94 5 1
94 6 4
94 7 8
94 8 6
94 9 6
94 10 9
94 11 6
94 12 6
94 13 5
94 14 6
94 15 2
94 16 7
94 17 3
94 18 9
94 19 8
94 20 5
95 1 10
95 2 1
95 3 7
95 4 2
95 5 9
95 6 8
95 7 8
95 8 7
95 9 3
95 10 10
95 11 3
95 12 2
95 13 1
95 14 9
95 15 2
95 16 3
95 17 10
95 18 4
95 19 8
95 20 2
96 1 6
96 2 10
96 3 7
96 4 3
96 5 2
96 6 10
96 7 10
96 8 6
96 9 1
96 10 1
96 11 3
96 12 7
96 13 8
96 14 7
96 15 10
96 16 9
96 17 6
96 18 10
96 19 6
96 20 10
97 1 4
97 2 8
97 3 10
97 4 6
97 5 5
97 6 8
97 7 4
97 8 8
97 9 9
97 10 9
97 11 9
97 12 2
97 13 4
97 14 2
97 15 8
97 16 1
97 17 1
97 18 9
97 19 6
97 20 8
98 1 2
98 2 2
98 3 7
98 4 9
98 5 2
98 6 5
98 7 2
98 8 4
98 9 1
98 10 3
98 11 4
98 12 3
98 13 3
98 14 8
98 15 1
98 16 10
98 17 8
98 18 9
98 19 5
98 20 7
99 1 7
99 2 9
99 3 5
99 4 10
99 5 7
99 6 4
99 7 10
99 8 1
99 9 7
99 10 10
99 11 7
99 12 2
99 13 1
99 14 6
99 15 8
99 16 9
99 17 3
99 18 6
99 19 4
99 20 5
100 1 2
100 2 4
100 3 10
100 4 1
100 5 9
100 6 1
100 7 1
100 8 4
100 9 2
100 10 5
100 11 10
100 12 2
100 13 9
100 14 9
100 15 1
100 16 8
100 17 7
100 18 9
100 19 7
100 20 9
101 1 10
101 2 1
101 3 2
101 4 10
101 5 5
101 6 6
101 7 2
101 8 2
101 9 8
101 10 3
101 11 6
101 12 1
101 13 7
101 14 9
101 15 10
101 16 6
101 17 6
101 18 4
101 19 3
101 20 2
102 1 2
102 2 5
102 3 4
102 4 8
102 5 7
102 6 2
102 7 9
102 8 8
102 9 7
102 10 1
102 11 6
102 12 2
102 13 8
102 14 3
102 15 7
102 16 6
102 17 2
102 18 8
102 19 7
102 20 2
103 1 1
103 2 7
103 3 6
103 4 8
103 5 6
103 6 6
103 7 1
103 8 8
103 9 5
103 10 4
103 11 9
103 12 7
103 13 3
103 14 2
103 15 5
103 16 4
103 17 7
103 18 5
103 19 9
103 20 2
104 1 10
104 2 10
104 3 9
104 4 3
104 5 3
104 6 7
104 7 8
104 8 4
104 9 9
104 10 3
104 11 8
104 12 7
104 13 7
104 14 2
104 15 10
104 16 3
104 17 9
104 18 6
104 19 9
104 20 1
105 1 5
105 2 10
105 3 9
105 4 7
105 5 1
105 6 7
105 7 5
105 8 10
105 9 8
105 10 7
105 11 2
105 12 5
105 13 10
105 14 1
105 15 4
105 16 2
105 17 5
105 18 5
105 19 5
105 20 8
106 1 4
106 2 8
106 3 6
106 4 9
106 5 1
106 6 9
106 7 5
106 8 4
106 9 2
106 10 6
106 11 9
106 12 7
106 13 10
106 14 3
106 15 3
106 16 8
106 17 2
106 18 4
106 19 5
106 20 3
107 1 7
107 2 7
107 3 2
107 4 1
107 5 8
107 6 8
107 7 6
107 8 7
107 9 4
107 10 1
107 11 8
107 12 4
107 13 6
107 14 8
107 15 1
107 16 8
107 17 1
107 18 4
107 19 7
107 20 2
108 1 8
108 2 8
108 3 7
108 4 6
108 5 1
108 6 9
108 7 10
108 8 8
108 9 9
108 10 4
108 11 3
108 12 10
108 13 9
108 14 10
108 15 3
108 16 9
108 17 3
108 18 8
108 19 7
108 20 10
109 1 7
109 2 6
109 3 6
109 4 2
109 5 2
109 6 2
109 7 5
109 8 10
109 9 4
109 10 7
109 11 6
109 12 1
109 13 10
109 14 1
109 15 7
109 16 4
109 17 10
109 18 1
109 19 8
109 20 10
110 1 9
110 2 5
110 3 5
110 4 6
110 5 6
110 6 3
110 7 8
110 8 2
110 9 5
110 10 4
110 11 2
110 12 7
110 13 7
110 14 1
110 15 4
110 16 6
110 17 4
110 18 1
110 19 1
110 20 5
111 1 2
111 2 1
111 3 3
111 4 7
111 5 1
111 6 7
111 7 4
111 8 3
111 9 8
111 10 10
111 11 3
111 12 4
111 13 1
111 14 2
111 15 6
111 16 6
111 17 6
111 18 2
111 19 5
111 20 4
112 1 6
112 2 3
112 3 7
112 4 7
112 5 1
112 6 6
112 7 2
112 8 5
112 9 3
112 10 6
112 11 3
112 12 5
112 13 4
112 14 7
112 15 5
112 16 4
112 17 9
112 18 3
112 19 10
112 20 3
113 1 6
113 2 9
113 3 4
113 4 8
113 5 9
113 6 3
113 7 8
113 8 8
113 9 5
113 10 6
113 11 1
113 12 9
113 13 1
113 14 4
113 15 6
113 16 9
113 17 7
113 18 7
113 19 2
113 20 7
114 1 3
114 2 7
114 3 3
114 4 6
114 5 5
114 6 7
114 7 2
114 8 8
114 9 6
114 10 3
114 11 2
114 12 7
114 13 2
114 14 3
114 15 10
114 16 1
114 17 3
114 18 7
114 19 10
114 20 7
115 1 3
115 2 5
115 3 6
115 4 6
115 5 3
115 6 5
115 7 8
115 8 1
115 9 7
115 10 3
115 11 6
115 12 3
115 13 1
115 14 3
115 15 6
115 16 1
115 17 1
115 18 5
115 19 6
115 20 1
116 1 7
116 2 8
116 3 6
116 4 7
116 5 7
116 6 7
116 7 3
116 8 5
116 9 1
116 10 1
116 11 10
116 12 1
116 13 4
116 14 9
116 15 4
116 16 8
116 17 9
116 18 3
116 19 9
116 20 8
117 1 4
117 2 4
117 3 7
117 4 10
117 5 10
117 6 6
117 7 2
117 8 6
117 9 5
117 10 2
117 11 4
117 12 3
117 13 7
117 14 9
117 15 4
117 16 10
117 17 2
117 18 6
117 19 9
117 20 4
118 1 8
118 2 5
118 3 10
118 4 4
118 5 4
118 6 7
118 7 2
118 8 9
118 9 2
118 10 6
118 11 7
118 12 4
118 13 3
118 14 3
118 15 2
118 16 4
118 17 4
118 18 8
118 19 9
118 20 3
119 1 3
119 2 2
119 3 8
119 4 7
119 5 9
119 6 9
119 7 3
119 8 7
119 9 5
119 10 9
119 11 3
119 12 2
119 13 2
119 14 2
119 15 1
119 16 6
119 17 1
119 18 8
119 19 6
119 20 2
120 1 6
120 2 5
120 3 1
120 4 3
120 5 5
120 6 9
120 7 9
120 8 1
120 9 6
120 10 6
120 11 6
120 12 8
120 13 8
120 14 6
120 15 2
120 16 3
120 17 9
120 18 7
120 19 3
120 20 2
121 1 7
121 2 5
121 3 3
121 4 7
121 5 1
121 6 8
121 7 5
121 8 7
121 9 3
121 10 10
121 11 3
121 12 5
121 13 1
121 14 2
121 15 2
121 16 5
121 17 8
121 18 3
121 19 10
121 20 4
122 1 9
122 2 7
122 3 4
122 4 9
122 5 1
122 6 7
122 7 3
122 8 7
122 9 5
122 10 5
122 11 6
122 12 3
122 13 7
122 14 10
122 15 5
122 16 2
122 17 3
122 18 2
122 19 3
122 20 9
123 1 7
123 2 10
123 3 3
123 4 8
123 5 4
123 6 8
123 7 7
123 8 6
123 9 10
123 10 6
123 11 7
123 12 4
123 13 7
123 14 9
123 15 3
123 16 7
123 17 7
123 18 6
123 19 3
123 20 1
124 1 5
124 2 6
124 3 9
124 4 7
124 5 3
124 6 7
124 7 1
124 8 2
124 9 5
124 10 2
124 11 3
124 12 6
124 13 6
124 14 8
124 15 4
124 16 7
124 17 2
124 18 2
124 19 8
124 20 3
125 1 1
125 2 8
125 3 3
125 4 7
125 5 7
125 6 4
125 7 3
125 8 9
125 9 6
125 10 10
125 11 10
125 12 5
125 13 1
125 14 8
125 15 6
125 16 3
125 17 9
125 18 5
125 19 4
125 20 1
126 1 1
126 2 7
126 3 1
126 4 7
126 5 7
126 6 7
126 7 5
126 8 6
126 9 5
126 10 3
126 11 5
126 12 10
126 13 8
126 14 8
126 15 2
126 16 6
126 17 6
126 18 5
126 19 8
126 20 1
127 1 2
127 2 10
127 3 9
127 4 5
127 5 9
127 6 5
127 7 5
127 8 9
127 9 8
127 10 9
127 11 5
127 12 6
127 13 9
127 14 2
127 15 6
127 16 2
127 17 4
127 18 1
127 19 6
127 20 1
128 1 2
128 2 2
128 3 2
128 4 10
128 5 5
128 6 2
128 7 10
128 8 1
128 9 6
128 10 8
128 11 5
128 12 8
128 13 1
128 14 1
128 15 4
128 16 1
128 17 1
128 18 4
128 19 1
128 20 8
129 1 7
129 2 8
129 3 2
129 4 7
129 5 5
129 6 7
129 7 8
129 8 4
129 9 9
129 10 5
129 11 7
129 12 2
129 13 6
129 14 1
129 15 7
129 16 4
129 17 8
129 18 8
129 19 6
129 20 6
130 1 3
130 2 2
130 3 6
130 4 6
130 5 5
130 6 5
130 7 2
130 8 9
130 9 9
130 10 4
130 11 2
130 12 8
130 13 9
130 14 2
130 15 7
130 16 6
130 17 2
130 18 6
130 19 5
130 20 8
131 1 1
131 2 4
131 3 5
131 4 7
131 5 1
131 6 7
131 7 3
131 8 8
131 9 9
131 10 1
131 11 3
131 12 1
131 13 4
131 14 4
131 15 7
131 16 3
131 17 4
131 18 5
131 19 7
131 20 2
132 1 7
132 2 4
132 3 9
132 4 1
132 5 1
132 6 10
132 7 8
132 8 5
132 9 7
132 10 10
132 11 9
132 12 8
132 13 9
132 14 10
132 15 6
132 16 9
132 17 7
132 18 3
132 19 8
132 20 6
133 1 7
133 2 5
133 3 9
133 4 6
133 5 10
133 6 3
133 7 9
133 8 3
133 9 3
133 10 4
133 11 1
133 12 10
133 13 8
133 14 9
133 15 10
133 16 3
133 17 9
133 18 6
133 19 8
133 20 6
134 1 6
134 2 3
134 3 9
134 4 8
134 5 10
134 6 2
134 7 4
134 8 2
134 9 3
134 10 4
134 11 2
134 12 8
134 13 4
134 14 6
134 15 10
134 16 7
134 17 6
134 18 10
134 19 6
134 20 8
135 1 5
135 2 5
135 3 9
135 4 2
135 5 5
135 6 7
135 7 9
135 8 4
135 9 7
135 10 7
135 11 2
135 12 6
135 13 10
135 14 6
135 15 10
135 16 2
135 17 4
135 18 6
135 19 2
135 20 6
136 1 1
136 2 3
136 3 5
136 4 2
136 5 8
136 6 6
136 7 4
136 8 4
136 9 9
136 10 6
136 11 9
136 12 10
136 13 3
136 14 5
136 15 1
136 16 3
136 17 3
136 18 6
136 19 5
136 20 2
137 1 10
137 2 3
137 3 7
137 4 3
137 5 2
137 6 6
137 7 10
137 8 4
137 9 5
137 10 7
137 11 10
137 12 9
137 13 5
137 14 3
137 15 6
137 16 9
137 17 9
137 18 8
137 19 9
137 20 4
138 1 1
138 2 8
138 3 4
138 4 3
138 5 5
138 6 5
138 7 3
138 8 8
138 9 6
138 10 3
138 11 4
138 12 6
138 13 7
138 14 3
138 15 4
138 16 4
138 17 10
138 18 6
138 19 9
138 20 3
139 1 1
139 2 5
139 3 3
139 4 1
139 5 7
139 6 5
139 7 7
139 8 10
139 9 4
139 10 10
139 11 3
139 12 1
139 13 2
139 14 4
139 15 5
139 16 2
139 17 8
139 18 4
139 19 8
139 20 2
140 1 3
140 2 2
140 3 4
140 4 8
140 5 4
140 6 8
140 7 10
140 8 1
140 9 5
140 10 9
140 11 1
140 12 9
140 13 4
140 14 3
140 15 7
140 16 8
140 17 8
140 18 4
140 19 2
140 20 7
141 1 4
141 2 9
141 3 4
141 4 2
141 5 7
141 6 9
141 7 7
141 8 9
141 9 6
141 10 3
141 11 8
141 12 7
141 13 2
141 14 8
141 15 10
141 16 7
141 17 10
141 18 5
141 19 4
141 20 7
142 1 9
142 2 10
142 3 7
142 4 8
142 5 6
142 6 8
142 7 8
142 8 8
142 9 6
142 10 1
142 11 4
142 12 3
142 13 9
142 14 1
142 15 8
142 16 8
142 17 7
142 18 5
142 19 8
142 20 10
143 1 2
143 2 7
143 3 7
143 4 4
143 5 1
143 6 6
143 7 7
143 8 2
143 9 6
143 10 3
143 11 7
143 12 10
143 13 9
143 14 10
143 15 8
143 16 10
143 17 7
143 18 9
143 19 5
143 20 8
144 1 8
144 2 10
144 3 4
144 4 8
144 5 4
144 6 7
144 7 9
144 8 5
144 9 6
144 10 8
144 11 1
144 12 7
144 13 7
144 14 6
144 15 2
144 16 6
144 17 4
144 18 5
144 19 1
144 20 5
145 1 8
145 2 10
145 3 6
145 4 4
145 5 4
145 6 10
145 7 4
145 8 9
145 9 7
145 10 9
145 11 4
145 12 2
145 13 5
145 14 8
145 15 2
145 16 4
145 17 6
145 18 6
145 19 9
145 20 3
146 1 5
146 2 9
146 3 6
146 4 6
146 5 9
146 6 7
146 7 4
146 8 1
146 9 4
146 10 10
146 11 10
146 12 4
146 13 1
146 14 5
146 15 5
146 16 10
146 17 8
146 18 8
146 19 9
146 20 9
147 1 2
147 2 9
147 3 8
147 4 8
147 5 4
147 6 10
147 7 6
147 8 1
147 9 7
147 10 7
147 11 7
147 12 9
147 13 9
147 14 7
147 15 1
147 16 1
147 17 1
147 18 9
147 19 1
147 20 10
148 1 9
148 2 5
148 3 6
148 4 8
148 5 9
148 6 4
148 7 10
148 8 1
148 9 6
148 10 5
148 11 1
148 12 4
148 13 9
148 14 6
148 15 9
148 16 4
148 17 3
148 18 5
148 19 9
148 20 3
149 1 4
149 2 7
149 3 8
149 4 2
149 5 6
149 6 10
149 7 1
149 8 4
149 9 1
149 10 9
149 11 1
149 12 1
149 13 5
149 14 5
149 15 7
149 16 4
149 17 5
149 18 5
149 19 6
149 20 5
150 1 7
150 2 2
150 3 7
150 4 10
150 5 5
150 6 2
150 7 7
150 8 10
150 9 2
150 10 10
150 11 5
150 12 7
150 13 9
150 14 2
150 15 4
150 16 6
150 17 1
150 18 6
150 19 6
150 20 4
151 1 10
151 2 10
151 3 4
151 4 10
151 5 3
151 6 9
151 7 8
151 8 6
151 9 8
151 10 7
151 11 7
151 12 5
151 13 1
151 14 4
151 15 7
151 16 3
151 17 5
151 18 4
151 19 1
151 20 8
152 1 5
152 2 10
152 3 6
152 4 5
152 5 7
152 6 1
152 7 5
152 8 6
152 9 7
152 10 2
152 11 6
152 12 10
152 13 1
152 14 1
152 15 2
152 16 3
152 17 8
152 18 6
152 19 8
152 20 9
153 1 6
153 2 7
153 3 3
153 4 3
153 5 3
153 6 2
153 7 5
153 8 6
153 9 5
153 10 9
153 11 3
153 12 6
153 13 4
153 14 4
153 15 2
153 16 2
153 17 1
153 18 6
153 19 6
153 20 6
154 1 2
154 2 4
154 3 8
154 4 8
154 5 4
154 6 1
154 7 5
154 8 1
154 9 2
154 10 8
154 11 3
154 12 1
154 13 8
154 14 4
154 15 1
154 16 3
154 17 7
154 18 9
154 19 4
154 20 7
155 1 5
155 2 4
155 3 3
155 4 10
155 5 1
155 6 10
155 7 2
155 8 9
155 9 1
155 10 4
155 11 9
155 12 8
155 13 2
155 14 5
155 15 6
155 16 5
155 17 8
155 18 2
155 19 9
155 20 6
156 1 3
156 2 9
156 3 3
156 4 10
156 5 5
156 6 5
156 7 5
156 8 7
156 9 8
156 10 6
156 11 9
156 12 8
156 13 6
156 14 2
156 15 9
156 16 6
156 17 8
156 18 1
156 19 9
156 20 4
157 1 6
157 2 1
157 3 2
157 4 10
157 5 6
157 6 5
157 7 10
157 8 9
157 9 8
157 10 7
157 11 10
157 12 1
157 13 6
157 14 9
157 15 8
157 16 4
157 17 1
157 18 6
157 19 9
157 20 5
158 1 9
158 2 6
158 3 6
158 4 7
158 5 5
158 6 8
158 7 8
158 8 9
158 9 9
158 10 9
158 11 3
158 12 3
158 13 3
158 14 8
158 15 2
158 16 8
158 17 1
158 18 4
158 19 1
158 20 10
159 1 8
159 2 7
159 3 8
159 4 10
159 5 5
159 6 6
159 7 9
159 8 7
159 9 2
159 10 9
159 11 6
159 12 5
159 13 2
159 14 4
159 15 9
159 16 4
159 17 1
159 18 9
159 19 7
159 20 3
160 1 4
160 2 10
160 3 6
160 4 6
160 5 4
160 6 8
160 7 1
160 8 6
160 9 10
160 10 6
160 11 1
160 12 6
160 13 3
160 14 9
160 15 3
160 16 2
160 17 2
160 18 9
160 19 1
160 20 9
161 1 2
161 2 8
161 3 1
161 4 1
161 5 2
161 6 2
161 7 4
161 8 3
161 9 2
161 10 5
161 11 6
161 12 6
161 13 6
161 14 3
161 15 8
161 16 7
161 17 3
161 18 3
161 19 1
161 20 7
162 1 10
162 2 5
162 3 7
162 4 9
162 5 1
162 6 4
162 7 8
162 8 5
162 9 5
162 10 4
162 11 2
162 12 10
162 13 9
162 14 10
162 15 6
162 16 1
162 17 7
162 18 5
162 19 9
162 20 8
163 1 8
163 2 1
163 3 3
163 4 6
163 5 6
163 6 7
163 7 8
163 8 1
163 9 7
163 10 6
163 11 7
163 12 5
163 13 3
163 14 6
163 15 9
163 16 10
163 17 5
163 18 9
163 19 2
163 20 9
164 1 3
164 2 2
164 3 4
164 4 10
164 5 8
164 6 5
164 7 5
164 8 8
164 9 8
164 10 4
164 11 2
164 12 8
164 13 5
164 14 7
164 15 5
164 16 1
164 17 2
164 18 2
164 19 3
164 20 4
165 1 9
165 2 5
165 3 1
165 4 5
165 5 7
165 6 7
165 7 9
165 8 3
165 9 2
165 10 1
165 11 1
165 12 9
165 13 7
165 14 9
165 15 5
165 16 10
165 17 4
165 18 5
165 19 8
165 20 4
166 1 8
166 2 6
166 3 5
166 4 9
166 5 9
166 6 9
166 7 8
166 8 5
166 9 5
166 10 6
166 11 9
166 12 9
166 13 8
166 14 3
166 15 4
166 16 6
166 17 1
166 18 9
166 19 4
166 20 7
167 1 2
167 2 9
167 3 9
167 4 6
167 5 9
167 6 5
167 7 4
167 8 4
167 9 2
167 10 8
167 11 4
167 12 1
167 13 2
167 14 6
167 15 4
167 16 6
167 17 8
167 18 4
167 19 8
167 20 6
168 1 4
168 2 8
168 3 10
168 4 10
168 5 9
168 6 8
168 7 10
168 8 8
168 9 10
168 10 6
168 11 2
168 12 7
168 13 4
168 14 8
168 15 5
168 16 8
168 17 10
168 18 9
168 19 1
168 20 3
169 1 7
169 2 3
169 3 9
169 4 9
169 5 4
169 6 4
169 7 3
169 8 3
169 9 4
169 10 7
169 11 10
169 12 7
169 13 5
169 14 8
169 15 2
169 16 10
169 17 8
169 18 5
169 19 1
169 20 1
170 1 8
170 2 9
170 3 10
170 4 5
170 5 4
170 6 2
170 7 1
170 8 10
170 9 1
170 10 2
170 11 2
170 12 8
170 13 7
170 14 6
170 15 1
170 16 6
170 17 8
170 18 5
170 19 4
170 20 1
171 1 5
171 2 3
171 3 6
171 4 4
171 5 1
171 6 5
171 7 7
171 8 1
171 9 5
171 10 7
171 11 4
171 12 9
171 13 2
171 14 10
171 15 10
171 16 9
171 17 7
171 18 4
171 19 3
171 20 4
172 1 2
172 2 2
172 3 4
172 4 9
172 5 6
172 6 2
172 7 7
172 8 4
172 9 10
172 10 1
172 11 8
172 12 10
172 13 5
172 14 1
172 15 4
172 16 7
172 17 8
172 18 5
172 19 4
172 20 3
173 1 9
173 2 9
173 3 5
173 4 2
173 5 3
173 6 9
173 7 4
173 8 7
173 9 4
173 10 5
173 11 3
173 12 6
173 13 10
173 14 9
173 15 8
173 16 10
173 17 10
173 18 1
173 19 9
173 20 1
174 1 6
174 2 9
174 3 10
174 4 1
174 5 1
174 6 5
174 7 3
174 8 2
174 9 1
174 10 8
174 11 4
174 12 9
174 13 3
174 14 6
174 15 1
174 16 3
174 17 1
174 18 10
174 19 7
174 20 1
175 1 8
175 2 6
175 3 2
175 4 4
175 5 5
175 6 8
175 7 2
175 8 2
175 9 2
175 10 10
175 11 10
175 12 8
175 13 2
175 14 3
175 15 4
175 16 10
175 17 4
175 18 8
175 19 4
175 20 9
176 1 3
176 2 10
176 3 9
176 4 9
176 5 1
176 6 3
176 7 8
176 8 1
176 9 1
176 10 2
176 11 7
176 12 2
176 13 9
176 14 8
176 15 1
176 16 8
176 17 8
176 18 1
176 19 8
176 20 4
177 1 9
177 2 2
177 3 6
177 4 9
177 5 1
177 6 4
177 7 8
177 8 2
177 9 7
177 10 9
177 11 3
177 12 4
177 13 8
177 14 1
177 15 9
177 16 10
177 17 6
177 18 3
177 19 10
177 20 8
178 1 7
178 2 7
178 3 6
178 4 8
178 5 7
178 6 8
178 7 2
178 8 6
178 9 4
178 10 9
178 11 3
178 12 10
178 13 8
178 14 2
178 15 7
178 16 5
178 17 4
178 18 7
178 19 5
178 20 1
179 1 8
179 2 6
179 3 2
179 4 5
179 5 3
179 6 8
179 7 7
179 8 6
179 9 9
179 10 10
179 11 6
179 12 7
179 13 2
179 14 2
179 15 1
179 16 2
179 17 6
179 18 7
179 19 3
179 20 6
180 1 1
180 2 1
180 3 5
180 4 3
180 5 5
180 6 3
180 7 10
180 8 6
180 9 10
180 10 9
180 11 5
180 12 8
180 13 5
180 14 3
180 15 1
180 16 6
180 17 7
180 18 8
180 19 1
180 20 2
181 1 2
181 2 1
181 3 6
181 4 8
181 5 3
181 6 2
181 7 6
181 8 4
181 9 6
181 10 7
181 11 2
181 12 8
181 13 10
181 14 8
181 15 2
181 16 7
181 17 10
181 18 4
181 19 3
181 20 9
182 1 7
182 2 1
182 3 6
182 4 5
182 5 5
182 6 1
182 7 10
182 8 1
182 9 4
182 10 6
182 11 7
182 12 2
182 13 2
182 14 3
182 15 8
182 16 9
182 17 4
182 18 9
182 19 3
182 20 5
183 1 7
183 2 5
183 3 10
183 4 6
183 5 5
183 6 9
183 7 8
183 8 2
183 9 8
183 10 4
183 11 1
183 12 8
183 13 5
183 14 5
183 15 9
183 16 2
183 17 9
183 18 3
183 19 8
183 20 3
184 1 7
184 2 6
184 3 8
184 4 2
184 5 10
184 6 3
184 7 6
184 8 2
184 9 10
184 10 7
184 11 1
184 12 9
184 13 6
184 14 4
184 15 4
184 16 7
184 17 3
184 18 1
184 19 2
184 20 8
185 1 8
185 2 5
185 3 4
185 4 4
185 5 7
185 6 10
185 7 6
185 8 1
185 9 4
185 10 7
185 11 4
185 12 6
185 13 3
185 14 7
185 15 8
185 16 10
185 17 10
185 18 6
185 19 3
185 20 7
186 1 4
186 2 8
186 3 10
186 4 5
186 5 4
186 6 9
186 7 6
186 8 1
186 9 5
186 10 5
186 11 9
186 12 1
186 13 7
186 14 10
186 15 6
186 16 9
186 17 2
186 18 3
186 19 5
186 20 8
187 1 6
187 2 5
187 3 6
187 4 5
187 5 4
187 6 10
187 7 6
187 8 10
187 9 7
187 10 3
187 11 6
187 12 3
187 13 6
187 14 4
187 15 3
187 16 9
187 17 8
187 18 1
187 19 8
187 20 8
188 1 9
188 2 7
188 3 9
188 4 8
188 5 9
188 6 2
188 7 2
188 8 6
188 9 5
188 10 7
188 11 9
188 12 10
188 13 5
188 14 8
188 15 6
188 16 7
188 17 2
188 18 10
188 19 10
188 20 7
189 1 1
189 2 1
189 3 1
189 4 10
189 5 2
189 6 8
189 7 10
189 8 8
189 9 6
189 10 5
189 11 6
189 12 2
189 13 6
189 14 6
189 15 8
189 16 3
189 17 8
189 18 2
189 19 10
189 20 9
190 1 3
190 2 7
190 3 2
190 4 4
190 5 9
190 6 10
190 7 7
190 8 9
190 9 2
190 10 2
190 11 10
190 12 3
190 13 5
190 14 8
190 15 6
190 16 1
190 17 2
190 18 3
190 19 3
190 20 6
191 1 3
191 2 4
191 3 9
191 4 9
191 5 7
191 6 5
191 7 10
191 8 1
191 9 8
191 10 5
191 11 8
191 12 7
191 13 4
191 14 8
191 15 9
191 16 4
191 17 8
191 18 6
191 19 3
191 20 4
192 1 5
192 2 8
192 3 5
192 4 7
192 5 10
192 6 9
192 7 1
192 8 3
192 9 9
192 10 3
192 11 3
192 12 2
192 13 3
192 14 3
192 15 9
192 16 6
192 17 9
192 18 1
192 19 8
192 20 8
193 1 7
193 2 8
193 3 3
193 4 6
193 5 6
193 6 3
193 7 2
193 8 1
193 9 8
193 10 9
193 11 2
193 12 6
193 13 4
193 14 1
193 15 5
193 16 1
193 17 10
193 18 5
193 19 3
193 20 8
194 1 1
194 2 1
194 3 6
194 4 8
194 5 3
194 6 9
194 7 2
194 8 6
194 9 8
194 10 9
194 11 2
194 12 7
194 13 9
194 14 2
194 15 1
194 16 2
194 17 4
194 18 7
194 19 9
194 20 9
195 1 7
195 2 6
195 3 9
195 4 2
195 5 3
195 6 5
195 7 4
195 8 8
195 9 6
195 10 9
195 11 7
195 12 2
195 13 8
195 14 3
195 15 9
195 16 6
195 17 8
195 18 2
195 19 3
195 20 1
196 1 8
196 2 10
196 3 6
196 4 8
196 5 3
196 6 2
196 7 6
196 8 7
196 9 9
196 10 9
196 11 3
196 12 10
196 13 3
196 14 8
196 15 6
196 16 8
196 17 3
196 18 9
196 19 3
196 20 2
197 1 4
197 2 8
197 3 5
197 4 7
197 5 9
197 6 1
197 7 10
197 8 6
197 9 8
197 10 3
197 11 6
197 12 10
197 13 6
197 14 7
197 15 1
197 16 3
197 17 2
197 18 1
197 19 3
197 20 9
198 1 5
198 2 5
198 3 4
198 4 2
198 5 6
198 6 9
198 7 5
198 8 3
198 9 5
198 10 7
198 11 8
198 12 9
198 13 5
198 14 5
198 15 9
198 16 3
198 17 3
198 18 9
198 19 7
198 20 2
199 1 6
199 2 7
199 3 6
199 4 9
199 5 3
199 6 5
199 7 2
199 8 9
199 9 1
199 10 1
199 11 9
199 12 1
199 13 1
199 14 10
199 15 10
199 16 7
199 17 3
199 18 10
199 19 9
199 20 7
200 1 3
200 2 4
200 3 7
200 4 2
200 5 6
200 6 7
200 7 9
200 8 5
200 9 6
200 10 1
200 11 9
200 12 4
200 13 6
200 14 1
200 15 6
200 16 4
200 17 1
200 18 1
200 19 5
200 20 7
201 1 6
201 2 9
201 3 2
201 4 10
201 5 1
201 6 2
201 7 10
201 8 8
201 9 9
201 10 9
201 11 1
201 12 7
201 13 10
201 14 3
201 15 7
201 16 9
201 17 10
201 18 3
201 19 10
201 20 1
202 1 8
202 2 4
202 3 10
202 4 2
202 5 3
202 6 10
202 7 1
202 8 5
202 9 5
202 10 5
202 11 8
202 12 7
202 13 4
202 14 2
202 15 6
202 16 4
202 17 2
202 18 9
202 19 2
202 20 3
203 1 3
203 2 3
203 3 3
203 4 6
203 5 6
203 6 10
203 7 9
203 8 9
203 9 3
203 10 6
203 11 10
203 12 10
203 13 10
203 14 10
203 15 10
203 16 7
203 17 4
203 18 4
203 19 5
203 20 2
204 1 8
204 2 6
204 3 3
204 4 8
204 5 3
204 6 1
204 7 7
204 8 8
204 9 9
204 10 9
204 11 4
204 12 9
204 13 9
204 14 8
204 15 1
204 16 2
204 17 8
204 18 4
204 19 5
204 20 10
205 1 5
205 2 4
205 3 7
205 4 8
205 5 10
205 6 6
205 7 6
205 8 1
205 9 5
205 10 3
205 11 7
205 12 7
205 13 2
205 14 1
205 15 6
205 16 4
205 17 10
205 18 5
205 19 7
205 20 6
206 1 2
206 2 4
206 3 1
206 4 3
206 5 9
206 6 7
206 7 1
206 8 10
206 9 2
206 10 3
206 11 9
206 12 5
206 13 10
206 14 4
206 15 6
206 16 10
206 17 10
206 18 5
206 19 4
206 20 4
207 1 7
207 2 2
207 3 8
207 4 9
207 5 10
207 6 3
207 7 9
207 8 3
207 9 8
207 10 2
207 11 9
207 12 10
207 13 10
207 14 3
207 15 6
207 16 5
207 17 6
207 18 3
207 19 3
207 20 10
208 1 1
208 2 4
208 3 5
208 4 10
208 5 10
208 6 3
208 7 6
208 8 10
208 9 10
208 10 3
208 11 10
208 12 4
208 13 5
208 14 3
208 15 10
208 16 4
208 17 9
208 18 7
208 19 4
208 20 3
209 1 7
209 2 5
209 3 10
209 4 6
209 5 8
209 6 9
209 7 7
209 8 1
209 9 5
209 10 5
209 11 8
209 12 1
209 13 4
209 14 1
209 15 9
209 16 3
209 17 5
209 18 10
209 19 7
209 20 6
210 1 7
210 2 6
210 3 7
210 4 3
210 5 1
210 6 1
210 7 5
210 8 9
210 9 3
210 10 8
210 11 1
210 12 2
210 13 10
210 14 2
210 15 6
210 16 8
210 17 3
210 18 1
210 19 10
210 20 7
211 1 1
211 2 6
211 3 5
211 4 9
211 5 3
211 6 3
211 7 9
211 8 6
211 9 6
211 10 8
211 11 7
211 12 3
211 13 1
211 14 4
211 15 2
211 16 1
211 17 2
211 18 9
211 19 2
211 20 1
212 1 10
212 2 1
212 3 10
212 4 6
212 5 9
212 6 4
212 7 9
212 8 6
212 9 7
212 10 3
212 11 10
212 12 9
212 13 6
212 14 10
212 15 8
212 16 1
212 17 5
212 18 9
212 19 1
212 20 5
213 1 2
213 2 2
213 3 5
213 4 1
213 5 5
213 6 9
213 7 9
213 8 8
213 9 2
213 10 6
213 11 3
213 12 4
213 13 1
213 14 6
213 15 1
213 16 7
213 17 9
213 18 5
213 19 10
213 20 5
214 1 2
214 2 4
214 3 5
214 4 1
214 5 6
214 6 2
214 7 7
214 8 2
214 9 3
214 10 6
214 11 9
214 12 9
214 13 10
214 14 1
214 15 7
214 16 1
214 17 8
214 18 4
214 19 6
214 20 4
215 1 6
215 2 5
215 3 9
215 4 6
215 5 1
215 6 6
215 7 4
215 8 1
215 9 3
215 10 10
215 11 3
215 12 7
215 13 5
215 14 1
215 15 3
215 16 1
215 17 5
215 18 3
215 19 1
215 20 5
216 1 8
216 2 9
216 3 3
216 4 10
216 5 8
216 6 9
216 7 3
216 8 7
216 9 1
216 10 4
216 11 7
216 12 10
216 13 1
216 14 3
216 15 10
216 16 7
216 17 5
216 18 10
216 19 7
216 20 9
217 1 7
217 2 2
217 3 8
217 4 7
217 5 1
217 6 9
217 7 6
217 8 2
217 9 7
217 10 2
217 11 2
217 12 5
217 13 4
217 14 9
217 15 1
217 16 9
217 17 10
217 18 3
217 19 9
217 20 2
218 1 2
218 2 5
218 3 4
218 4 4
218 5 5
218 6 2
218 7 6
218 8 9
218 9 4
218 10 7
218 11 5
218 12 9
218 13 6
218 14 8
218 15 8
218 16 8
218 17 4
218 18 7
218 19 9
218 20 2
219 1 2
219 2 1
219 3 4
219 4 6
219 5 3
219 6 7
219 7 6
219 8 8
219 9 3
219 10 7
219 11 8
219 12 2
219 13 5
219 14 6
219 15 10
219 16 3
219 17 1
219 18 1
219 19 2
219 20 1
220 1 8
220 2 6
220 3 3
220 4 2
220 5 9
220 6 3
220 7 10
220 8 10
220 9 9
220 10 5
220 11 6
220 12 5
220 13 4
220 14 2
220 15 2
220 16 9
220 17 8
220 18 1
220 19 9
220 20 4
221 1 6
221 2 5
221 3 10
221 4 1
221 5 6
221 6 5
221 7 6
221 8 4
221 9 3
221 10 6
221 11 10
221 12 5
221 13 9
221 14 6
221 15 10
221 16 5
221 17 10
221 18 3
221 19 7
221 20 1
222 1 3
222 2 10
222 3 3
222 4 7
222 5 7
222 6 1
222 7 6
222 8 9
222 9 6
222 10 10
222 11 10
222 12 3
222 13 2
222 14 4
222 15 5
222 16 4
222 17 7
222 18 2
222 19 10
222 20 7
223 1 10
223 2 4
223 3 4
223 4 6
223 5 4
223 6 10
223 7 4
223 8 10
223 9 8
223 10 3
223 11 3
223 12 8
223 13 6
223 14 10
223 15 10
223 16 2
223 17 1
223 18 8
223 19 6
223 20 4
224 1 10
224 2 9
224 3 3
224 4 7
224 5 1
224 6 7
224 7 7
224 8 8
224 9 2
224 10 9
224 11 4
224 12 2
224 13 7
224 14 9
224 15 6
224 16 10
224 17 8
224 18 6
224 19 1
224 20 3
225 1 10
225 2 5
225 3 8
225 4 10
225 5 9
225 6 2
225 7 7
225 8 6
225 9 1
225 10 2
225 11 1
225 12 5
225 13 4
225 14 1
225 15 5
225 16 3
225 17 3
225 18 4
225 19 4
225 20 1
226 1 5
226 2 8
226 3 1
226 4 4
226 5 1
226 6 4
226 7 7
226 8 6
226 9 5
226 10 5
226 11 6
226 12 1
226 13 2
226 14 9
226 15 4
226 16 5
226 17 9
226 18 10
226 19 7
226 20 3
227 1 8
227 2 9
227 3 2
227 4 10
227 5 10
227 6 3
227 7 2
227 8 1
227 9 10
227 10 1
227 11 5
227 12 4
227 13 6
227 14 4
227 15 1
227 16 10
227 17 4
227 18 8
227 19 6
227 20 10
228 1 2
228 2 7
228 3 1
228 4 6
228 5 2
228 6 6
228 7 7
228 8 2
228 9 6
228 10 9
228 11 3
228 12 10
228 13 5
228 14 8
228 15 6
228 16 7
228 17 2
228 18 10
228 19 8
228 20 6
229 1 4
229 2 1
229 3 1
229 4 3
229 5 5
229 6 1
229 7 2
229 8 6
229 9 6
229 10 5
229 11 5
229 12 9
229 13 4
229 14 3
229 15 4
229 16 5
229 17 1
229 18 9
229 19 8
229 20 1
230 1 3
230 2 4
230 3 4
230 4 7
230 5 6
230 6 2
230 7 8
230 8 5
230 9 8
230 10 5
230 11 5
230 12 10
230 13 3
230 14 10
230 15 1
230 16 7
230 17 9
230 18 8
230 19 9
230 20 5
231 1 5
231 2 4
231 3 4
231 4 7
231 5 5
231 6 1
231 7 10
231 8 6
231 9 10
231 10 9
231 11 7
231 12 2
231 13 6
231 14 6
231 15 2
231 16 5
231 17 3
231 18 10
231 19 9
231 20 4
232 1 4
232 2 8
232 3 8
232 4 2
232 5 3
232 6 7
232 7 1
232 8 10
232 9 1
232 10 10
232 11 8
232 12 5
232 13 3
232 14 5
232 15 9
232 16 9
232 17 6
232 18 2
232 19 4
232 20 6
233 1 6
233 2 3
233 3 8
233 4 3
233 5 6
233 6 8
233 7 5
233 8 7
233 9 7
233 10 5
233 11 8
233 12 9
233 13 1
233 14 2
233 15 4
233 16 4
233 17 2
233 18 1
233 19 3
233 20 3
234 1 10
234 2 5
234 3 7
234 4 8
234 5 2
234 6 5
234 7 9
234 8 1
234 9 10
234 10 9
234 11 10
234 12 5
234 13 2
234 14 1
234 15 5
234 16 6
234 17 8
234 18 6
234 19 6
234 20 5
235 1 7
235 2 6
235 3 2
235 4 6
235 5 2
235 6 7
235 7 1
235 8 8
235 9 2
235 10 5
235 11 10
235 12 9
235 13 8
235 14 7
235 15 3
235 16 4
235 17 7
235 18 2
235 19 9
235 20 10
236 1 3
236 2 6
236 3 9
236 4 3
236 5 4
236 6 5
236 7 1
236 8 9
236 9 6
236 10 9
236 11 9
236 12 7
236 13 6
236 14 4
236 15 6
236 16 8
236 17 6
236 18 5
236 19 3
236 20 6
237 1 7
237 2 10
237 3 10
237 4 10
237 5 9
237 6 5
237 7 5
237 8 1
237 9 3
237 10 9
237 11 3
237 12 6
237 13 1
237 14 4
237 15 4
237 16 4
237 17 10
237 18 1
237 19 8
237 20 10
238 1 3
238 2 5
238 3 8
238 4 4
238 5 2
238 6 6
238 7 2
238 8 5
238 9 9
238 10 5
238 11 4
238 12 4
238 13 9
238 14 3
238 15 5
238 16 1
238 17 4
238 18 6
238 19 7
238 20 3
239 1 7
239 2 7
239 3 3
239 4 5
239 5 1
239 6 3
239 7 4
239 8 3
239 9 9
239 10 2
239 11 8
239 12 9
239 13 8
239 14 4
239 15 4
239 16 9
239 17 9
239 18 1
239 19 2
239 20 7
240 1 6
240 2 4
240 3 3
240 4 1
240 5 2
240 6 9
240 7 4
240 8 10
240 9 4
240 10 10
240 11 3
240 12 7
240 13 5
240 14 5
240 15 9
240 16 7
240 17 9
240 18 8
240 19 5
240 20 4
241 1 8
241 2 6
241 3 8
241 4 9
241 5 1
241 6 7
241 7 3
241 8 6
241 9 7
241 10 5
241 11 8
241 12 4
241 13 3
241 14 6
241 15 3
241 16 3
241 17 3
241 18 8
241 19 1
241 20 6
242 1 6
242 2 1
242 3 7
242 4 3
242 5 6
242 6 10
242 7 9
242 8 8
242 9 7
242 10 7
242 11 6
242 12 10
242 13 7
242 14 1
242 15 1
242 16 8
242 17 6
242 18 9
242 19 4
242 20 4
243 1 4
243 2 3
243 3 5
243 4 4
243 5 2
243 6 9
243 7 10
243 8 3
243 9 1
243 10 5
243 11 9
243 12 1
243 13 8
243 14 8
243 15 3
243 16 10
243 17 4
243 18 10
243 19 6
243 20 6
244 1 5
244 2 1
244 3 5
244 4 9
244 5 1
244 6 1
244 7 9
244 8 4
244 9 5
244 10 4
244 11 1
244 12 7
244 13 8
244 14 6
244 15 8
244 16 6
244 17 7
244 18 10
244 19 4
244 20 7
245 1 2
245 2 8
245 3 4
245 4 7
245 5 6
245 6 9
245 7 1
245 8 3
245 9 2
245 10 4
245 11 7
245 12 7
245 13 4
245 14 1
245 15 8
245 16 4
245 17 1
245 18 3
245 19 10
245 20 5
246 1 4
246 2 2
246 3 2
246 4 7
246 5 7
246 6 3
246 7 5
246 8 2
246 9 1
246 10 7
246 11 7
246 12 8
246 13 5
246 14 6
246 15 4
246 16 4
246 17 2
246 18 5
246 19 7
246 20 8
247 1 9
247 2 2
247 3 10
247 4 4
247 5 8
247 6 4
247 7 8
247 8 9
247 9 1
247 10 1
247 11 3
247 12 7
247 13 5
247 14 10
247 15 6
247 16 8
247 17 1
247 18 7
247 19 4
247 20 1
248 1 10
248 2 9
248 3 5
248 4 4
248 5 3
248 6 1
248 7 10
248 8 6
248 9 8
248 10 7
248 11 10
248 12 1
248 13 9
248 14 5
248 15 5
248 16 5
248 17 10
248 18 5
248 19 1
248 20 2
249 1 6
249 2 4
249 3 2
249 4 8
249 5 2
249 6 2
249 7 3
249 8 4
249 9 2
249 10 6
249 11 7
249 12 7
249 13 2
249 14 1
249 15 3
249 16 1
249 17 6
249 18 5
249 19 6
249 20 5
250 1 8
250 2 2
250 3 9
250 4 8
250 5 3
250 6 9
250 7 5
250 8 8
250 9 3
250 10 2
250 11 7
250 12 4
250 13 4
250 14 10
250 15 3
250 16 6
250 17 3
250 18 1
250 19 3
250 20 1
251 1 5
251 2 7
251 3 3
251 4 1
251 5 10
251 6 6
251 7 10
251 8 4
251 9 9
251 10 6
251 11 7
251 12 5
251 13 8
251 14 3
251 15 7
251 16 1
251 17 1
251 18 9
251 19 8
251 20 1
252 1 5
252 2 6
252 3 1
252 4 6
252 5 2
252 6 2
252 7 6
252 8 8
252 9 2
252 10 5
252 11 3
252 12 5
252 13 9
252 14 8
252 15 9
252 16 5
252 17 7
252 18 3
252 19 8
252 20 3
253 1 2
253 2 5
253 3 5
253 4 7
253 5 2
253 6 2
253 7 6
253 8 3
253 9 8
253 10 2
253 11 10
253 12 6
253 13 5
253 14 1
253 15 3
253 16 6
253 17 9
253 18 9
253 19 4
253 20 6
254 1 6
254 2 2
254 3 2
254 4 6
254 5 5
254 6 8
254 7 8
254 8 5
254 9 7
254 10 5
254 11 1
254 12 9
254 13 4
254 14 6
254 15 10
254 16 3
254 17 8
254 18 6
254 19 2
254 20 1
255 1 3
255 2 6
255 3 6
255 4 3
255 5 10
255 6 3
255 7 3
255 8 3
255 9 5
255 10 6
255 11 10
255 12 3
255 13 6
255 14 7
255 15 9
255 16 9
255 17 1
255 18 9
255 19 1
255 20 8
256 1 9
256 2 7
256 3 10
256 4 10
256 5 10
256 6 10
256 7 7
256 8 1
256 9 9
256 10 1
256 11 10
256 12 5
256 13 8
256 14 6
256 15 8
256 16 6
256 17 8
256 18 3
256 19 8
256 20 3
257 1 3
257 2 8
257 3 2
257 4 5
257 5 7
257 6 9
257 7 5
257 8 10
257 9 9
257 10 8
257 11 1
257 12 4
257 13 8
257 14 10
257 15 1
257 16 9
257 17 4
257 18 8
257 19 8
257 20 3
258 1 2
258 2 9
258 3 1
258 4 2
258 5 10
258 6 2
258 7 1
258 8 7
258 9 6
258 10 10
258 11 2
258 12 4
258 13 2
258 14 2
258 15 6
258 16 9
258 17 3
258 18 6
258 19 7
258 20 3
259 1 2
259 2 2
259 3 9
259 4 8
259 5 6
259 6 2
259 7 2
259 8 4
259 9 5
259 10 6
259 11 9
259 12 3
259 13 2
259 14 5
259 15 2
259 16 4
259 17 6
259 18 7
259 19 1
259 20 7
260 1 9
260 2 7
260 3 2
260 4 6
260 5 6
260 6 5
260 7 8
260 8 3
260 9 7
260 10 4
260 11 8
260 12 4
260 13 1
260 14 1
260 15 10
260 16 4
260 17 6
260 18 10
260 19 8
260 20 3
261 1 6
261 2 4
261 3 2
261 4 3
261 5 9
261 6 10
261 7 9
261 8 7
261 9 6
261 10 1
261 11 2
261 12 8
261 13 7
261 14 1
261 15 8
261 16 5
261 17 5
261 18 9
261 19 7
261 20 4
262 1 5
262 2 8
262 3 9
262 4 3
262 5 5
262 6 9
262 7 1
262 8 9
262 9 2
262 10 10
262 11 3
262 12 2
262 13 9
262 14 6
262 15 2
262 16 5
262 17 1
262 18 5
262 19 8
262 20 9
263 1 9
263 2 1
263 3 5
263 4 1
263 5 3
263 6 2
263 7 2
263 8 7
263 9 9
263 10 1
263 11 2
263 12 4
263 13 1
263 14 4
263 15 1
263 16 10
263 17 6
263 18 3
263 19 4
263 20 9
264 1 7
264 2 8
264 3 8
264 4 9
264 5 10
264 6 8
264 7 4
264 8 9
264 9 7
264 10 5
264 11 7
264 12 1
264 13 9
264 14 10
264 15 10
264 16 5
264 17 5
264 18 6
264 19 5
264 20 8
265 1 4
265 2 10
265 3 8
265 4 8
265 5 9
265 6 1
265 7 4
265 8 7
265 9 4
265 10 3
265 11 5
265 12 6
265 13 2
265 14 5
265 15 1
265 16 1
265 17 4
265 18 1
265 19 6
265 20 5
266 1 6
266 2 10
266 3 8
266 4 5
266 5 7
266 6 3
266 7 1
266 8 4
266 9 8
266 10 2
266 11 9
266 12 8
266 13 2
266 14 1
266 15 10
266 16 4
266 17 6
266 18 6
266 19 2
266 20 5
267 1 9
267 2 6
267 3 6
267 4 6
267 5 1
267 6 6
267 7 8
267 8 8
267 9 2
267 10 2
267 11 4
267 12 4
267 13 8
267 14 4
267 15 7
267 16 4
267 17 10
267 18 5
267 19 9
267 20 2
268 1 5
268 2 4
268 3 3
268 4 2
268 5 1
268 6 5
268 7 3
268 8 3
268 9 8
268 10 4
268 11 9
268 12 10
268 13 1
268 14 9
268 15 6
268 16 1
268 17 5
268 18 3
268 19 10
268 20 5
269 1 3
269 2 4
269 3 9
269 4 4
269 5 2
269 6 6
269 7 2
269 8 2
269 9 4
269 10 10
269 11 3
269 12 10
269 13 4
269 14 3
269 15 9
269 16 10
269 17 9
269 18 9
269 19 2
269 20 3
270 1 5
270 2 10
270 3 2
270 4 2
270 5 2
270 6 5
270 7 8
270 8 4
270 9 9
270 10 5
270 11 5
270 12 4
270 13 10
270 14 5
270 15 9
270 16 1
270 17 7
270 18 4
270 19 9
270 20 10
271 1 2
271 2 3
271 3 6
271 4 4
271 5 10
271 6 10
271 7 9
271 8 3
271 9 10
271 10 6
271 11 2
271 12 10
271 13 10
271 14 4
271 15 10
271 16 8
271 17 2
271 18 7
271 19 6
271 20 8
272 1 5
272 2 8
272 3 1
272 4 8
272 5 5
272 6 10
272 7 6
272 8 5
272 9 2
272 10 1
272 11 10
272 12 4
272 13 6
272 14 8
272 15 5
272 16 9
272 17 3
272 18 7
272 19 4
272 20 8
273 1 4
273 2 5
273 3 6
273 4 6
273 5 6
273 6 5
273 7 3
273 8 9
273 9 1
273 10 2
273 11 6
273 12 7
273 13 3
273 14 6
273 15 3
273 16 3
273 17 10
273 18 2
273 19 7
273 20 6
274 1 9
274 2 6
274 3 8
274 4 8
274 5 1
274 6 10
274 7 7
274 8 9
274 9 2
274 10 10
274 11 4
274 12 6
274 13 5
274 14 3
274 15 4
274 16 9
274 17 5
274 18 3
274 19 1
274 20 10
275 1 7
275 2 9
275 3 2
275 4 10
275 5 3
275 6 2
275 7 7
275 8 3
275 9 2
275 10 8
275 11 2
275 12 4
275 13 2
275 14 10
275 15 2
275 16 7
275 17 2
275 18 1
275 19 7
275 20 1
276 1 4
276 2 6
276 3 7
276 4 8
276 5 5
276 6 6
276 7 4
276 8 2
276 9 2
276 10 9
276 11 2
276 12 2
276 13 1
276 14 5
276 15 9
276 16 3
276 17 3
276 18 1
276 19 5
276 20 5
277 1 2
277 2 3
277 3 5
277 4 7
277 5 8
277 6 6
277 7 3
277 8 4
277 9 2
277 10 3
277 11 4
277 12 3
277 13 8
277 14 1
277 15 5
277 16 8
277 17 7
277 18 7
277 19 3
277 20 2
278 1 10
278 2 7
278 3 6
278 4 7
278 5 6
278 6 4
278 7 7
278 8 10
278 9 1
278 10 2
278 11 8
278 12 5
278 13 2
278 14 9
278 15 9
278 16 8
278 17 8
278 18 4
278 19 1
278 20 1
279 1 7
279 2 2
279 3 9
279 4 9
279 5 6
279 6 4
279 7 3
279 8 5
279 9 4
279 10 3
279 11 3
279 12 9
279 13 1
279 14 10
279 15 10
279 16 5
279 17 3
279 18 3
279 19 6
279 20 7
280 1 1
280 2 4
280 3 1
280 4 4
280 5 5
280 6 3
280 7 5
280 8 9
280 9 7
280 10 9
280 11 8
280 12 7
280 13 7
280 14 7
280 15 8
280 16 1
280 17 6
280 18 6
280 19 10
280 20 2
281 1 1
281 2 3
281 3 10
281 4 6
281 5 7
281 6 3
281 7 7
281 8 3
281 9 10
281 10 7
281 11 1
281 12 6
281 13 1
281 14 3
281 15 10
281 16 4
281 17 4
281 18 3
281 19 2
281 20 10
282 1 3
282 2 9
282 3 3
282 4 4
282 5 4
282 6 2
282 7 9
282 8 7
282 9 3
282 10 2
282 11 6
282 12 9
282 13 6
282 14 8
282 15 7
282 16 1
282 17 1
282 18 7
282 19 9
282 20 9
283 1 1
283 2 9
283 3 7
283 4 2
283 5 3
283 6 7
283 7 9
283 8 8
283 9 3
283 10 7
283 11 2
283 12 9
283 13 7
283 14 6
283 15 7
283 16 4
283 17 10
283 18 9
283 19 6
283 20 4
284 1 8
284 2 3
284 3 7
284 4 7
284 5 5
284 6 8
284 7 10
284 8 4
284 9 4
284 10 7
284 11 8
284 12 10
284 13 5
284 14 6
284 15 10
284 16 1
284 17 9
284 18 5
284 19 4
284 20 4
285 1 7
285 2 6
285 3 5
285 4 10
285 5 7
285 6 5
285 7 1
285 8 8
285 9 1
285 10 1
285 11 2
285 12 2
285 13 10
285 14 8
285 15 4
285 16 8
285 17 1
285 18 6
285 19 1
285 20 9
286 1 9
286 2 5
286 3 3
286 4 9
286 5 7
286 6 7
286 7 10
286 8 4
286 9 5
286 10 9
286 11 3
286 12 8
286 13 7
286 14 7
286 15 9
286 16 7
286 17 6
286 18 5
286 19 5
286 20 1
287 1 8
287 2 4
287 3 2
287 4 4
287 5 3
287 6 2
287 7 9
287 8 6
287 9 9
287 10 6
287 11 9
287 12 8
287 13 1
287 14 10
287 15 4
287 16 4
287 17 10
287 18 9
287 19 4
287 20 6
288 1 3
288 2 6
288 3 4
288 4 10
288 5 5
288 6 3
288 7 2
288 8 6
288 9 7
288 10 9
288 11 1
288 12 10
288 13 8
288 14 1
288 15 3
288 16 3
288 17 10
288 18 6
288 19 10
288 20 1
289 1 6
289 2 3
289 3 9
289 4 1
289 5 8
289 6 6
289 7 3
289 8 1
289 9 8
289 10 6
289 11 10
289 12 1
289 13 2
289 14 7
289 15 7
289 16 2
289 17 2
289 18 3
289 19 9
289 20 5
290 1 10
290 2 6
290 3 7
290 4 6
290 5 10
290 6 3
290 7 6
290 8 9
290 9 8
290 10 8
290 11 8
290 12 10
290 13 6
290 14 5
290 15 1
290 16 7
290 17 2
290 18 3
290 19 7
290 20 5
291 1 5
291 2 3
291 3 10
291 4 3
291 5 1
291 6 1
291 7 10
291 8 3
291 9 2
291 10 1
291 11 8
291 12 9
291 13 6
291 14 8
291 15 3
291 16 9
291 17 10
291 18 5
291 19 6
291 20 6
292 1 3
292 2 1
292 3 1
292 4 1
292 5 9
292 6 5
292 7 1
292 8 4
292 9 6
292 10 8
292 11 4
292 12 10
292 13 3
292 14 4
292 15 8
292 16 6
292 17 3
292 18 3
292 19 7
292 20 3
293 1 2
293 2 7
293 3 7
293 4 2
293 5 3
293 6 3
293 7 6
293 8 5
293 9 5
293 10 4
293 11 8
293 12 1
293 13 1
293 14 5
293 15 7
293 16 7
293 17 3
293 18 8
293 19 1
293 20 3
294 1 3
294 2 6
294 3 3
294 4 9
294 5 8
294 6 8
294 7 1
294 8 10
294 9 10
294 10 1
294 11 4
294 12 1
294 13 9
294 14 8
294 15 10
294 16 5
294 17 6
294 18 2
294 19 1
294 20 9
295 1 5
295 2 6
295 3 3
295 4 9
295 5 5
295 6 8
295 7 9
295 8 5
295 9 2
295 10 9
295 11 8
295 12 9
295 13 7
295 14 5
295 15 2
295 16 8
295 17 6
295 18 5
295 19 8
295 20 10
296 1 8
296 2 6
296 3 2
296 4 9
296 5 9
296 6 10
296 7 4
296 8 1
296 9 8
296 10 9
296 11 9
296 12 1
296 13 7
296 14 2
296 15 4
296 16 8
296 17 8
296 18 9
296 19 2
296 20 3
297 1 4
297 2 5
297 3 4
297 4 2
297 5 1
297 6 5
297 7 7
297 8 8
297 9 7
297 10 5
297 11 3
297 12 3
297 13 8
297 14 4
297 15 10
297 16 8
297 17 9
297 18 8
297 19 10
297 20 10
298 1 3
298 2 3
298 3 7
298 4 1
298 5 2
298 6 2
298 7 3
298 8 7
298 9 5
298 10 7
298 11 1
298 12 4
298 13 4
298 14 4
298 15 5
298 16 6
298 17 2
298 18 9
298 19 1
298 20 9
299 1 1
299 2 8
299 3 2
299 4 5
299 5 3
299 6 10
299 7 10
299 8 2
299 9 7
299 10 9
299 11 4
299 12 10
299 13 10
299 14 9
299 15 1
299 16 9
299 17 2
299 18 10
299 19 6
299 20 4
300 1 4
300 2 2
300 3 5
300 4 1
300 5 1
300 6 9
300 7 4
300 8 4
300 9 10
300 10 3
300 11 10
300 12 1
300 13 4
300 14 7
300 15 3
300 16 9
300 17 1
300 18 10
300 19 4
300 20 9
