500 10
1 1 4
1 2 10
1 3 5
1 4 9
1 5 1
1 6 10
1 7 5
1 8 10
1 9 10
1 10 7
2 1 4
2 2 7
2 3 2
2 4 5
2 5 2
2 6 9
2 7 6
2 8 10
2 9 5
2 10 8
3 1 4
3 2 2
3 3 10
3 4 8
3 5 1
3 6 6
3 7 7
3 8 4
3 9 9
3 10 1
4 1 4
4 2 5
4 3 5
4 4 5
4 5 6
4 6 4
4 7 6
4 8 3
4 9 1
4 10 4
5 1 9
5 2 6
5 3 10
5 4 2
5 5 10
5 6 10
5 7 10
5 8 8
5 9 10
5 10 8
6 1 5
6 2 5
6 3 4
6 4 8
6 5 4
6 6 1
6 7 8
6 8 2
6 9 4
6 10 10
7 1 9
7 2 7
7 3 5
7 4 6
7 5 2
7 6 6
7 7 5
7 8 10
7 9 5
7 10 10
8 1 4
8 2 3
8 3 3
8 4 1
8 5 7
8 6 9
8 7 7
8 8 10
8 9 4
8 10 8
9 1 10
9 2 3
9 3 7
9 4 1
9 5 2
9 6 6
9 7 3
9 8 8
9 9 10
9 10 3
10 1 6
10 2 10
10 3 1
10 4 10
10 5 2
10 6 3
10 7 8
10 8 4
10 9 4
10 10 6
11 1 6
11 2 5
11 3 9
11 4 7
11 5 3
11 6 6
11 7 8
11 8 5
11 9 4
11 10 9
12 1 2
12 2 5
12 3 1
12 4 2
12 5 1
12 6 1
12 7 10
12 8 4
12 9 10
12 10 2
13 1 6
13 2 2
13 3 7
13 4 5
13 5 1
13 6 6
13 7 3
13 8 5
13 9 2
13 10 5
14 1 6
14 2 10
14 3 3
14 4 3
14 5 10
14 6 2
14 7 3
14 8 10
14 9 7
14 10 4
15 1 6
15 2 7
15 3 4
15 4 10
15 5 3
15 6 7
15 7 6
15 8 8
15 9 9
15 10 3
16 1 7
16 2 5
16 3 1
16 4 3
16 5 7
16 6 2
16 7 10
16 8 1
16 9 2
16 10 4
17 1 2
17 2 5
17 3 3
17 4 1
17 5 5
17 6 10
17 7 10
17 8 1
17 9 8
17 10 2
18 1 3
18 2 2
18 3 2
18 4 4
18 5 6
18 6 4
18 7 10
18 8 8
18 9 3
18 10 7
19 1 6
19 2 2
19 3 2
19 4 10
19 5 4
19 6 6
19 7 1
19 8 9
19 9 4
19 10 6
20 1 7
20 2 7
20 3 7
20 4 10
20 5 2
20 6 8
20 7 6
20 8 6
20 9 9
20 10 8
21 1 4
21 2 4
21 3 10
21 4 3
21 5 5
21 6 2
21 7 6
21 8 5
21 9 9
21 10 8
22 1 8
22 2 4
22 3 10
22 4 7
22 5 9
22 6 10
22 7 6
22 8 4
22 9 9
22 10 2
23 1 2
23 2 4
23 3 8
23 4 5
23 5 3
23 6 5
23 7 5
23 8 9
23 9 5
23 10 6
24 1 6
24 2 1
24 3 10
24 4 8
24 5 6
24 6 1
24 7 3
24 8 5
24 9 4
24 10 10
25 1 7
25 2 7
25 3 4
25 4 7
25 5 10
25 6 10
25 7 10
25 8 3
25 9 4
25 10 6
26 1 4
26 2 6
26 3 5
26 4 5
26 5 9
26 6 4
26 7 3
26 8 9
26 9 1
26 10 3
27 1 9
27 2 9
27 3 9
27 4 4
27 5 8
27 6 9
27 7 1
27 8 6
27 9 1
27 10 3
28 1 7
28 2 5
28 3 5
28 4 6
28 5 3
28 6 9
28 7 6
28 8 3
28 9 7
28 10 7
29 1 4
29 2 6
29 3 3
29 4 6
29 5 6
29 6 7
29 7 9
29 8 5
29 9 7
29 10 6
30 1 5
30 2 5
30 3 7
30 4 1
30 5 10
30 6 4
30 7 1
30 8 3
30 9 9
30 10 3
31 1 5
31 2 6
31 3 1
31 4 9
31 5 8
31 6 5
31 7 1
31 8 1
31 9 6
31 10 9
32 1 2
32 2 1
32 3 3
32 4 8
32 5 3
32 6 3
32 7 8
32 8 6
32 9 6
32 10 7
33 1 4
33 2 6
33 3 2
33 4 5
33 5 8
33 6 8
33 7 10
33 8 4
33 9 6
33 10 4
34 1 6
34 2 9
34 3 5
34 4 4
34 5 7
34 6 9
34 7 2
34 8 8
34 9 9
34 10 3
35 1 2
35 2 4
35 3 7
35 4 6
35 5 1
35 6 5
35 7 3
35 8 3
35 9 3
35 10 9
36 1 8
36 2 8
36 3 1
36 4 3
36 5 9
36 6 2
36 7 5
36 8 10
36 9 3
36 10 4
37 1 7
37 2 4
37 3 4
37 4 7
37 5 10
37 6 10
37 7 6
37 8 3
37 9 5
37 10 2
38 1 9
38 2 8
38 3 9
38 4 6
38 5 4
38 6 1
38 7 5
38 8 3
38 9 5
38 10 8
39 1 8
39 2 1
39 3 7
39 4 4
39 5 1
39 6 6
39 7 10
39 8 6
39 9 1
39 10 7
40 1 6
40 2 4
40 3 3
40 4 6
40 5 3
40 6 5
40 7 5
40 8 7
40 9 4
40 10 4
41 1 5
41 2 7
41 3 2
41 4 3
41 5 5
41 6 5
41 7 8
41 8 8
41 9 3
41 10 8
42 1 6
42 2 10
42 3 6
42 4 9
42 5 3
42 6 2
42 7 5
42 8 10
42 9 6
42 10 6
43 1 2
43 2 9
43 3 6
43 4 4
43 5 6
43 6 3
43 7 1
43 8 2
43 9 4
43 10 1
44 1 3
44 2 5
44 3 3
44 4 2
44 5 6
44 6 1
44 7 10
44 8 5
44 9 5
44 10 10
45 1 1
45 2 4
45 3 2
45 4 7
45 5 4
45 6 2
45 7 4
45 8 7
45 9 6
45 10 6
46 1 5
46 2 1
46 3 5
46 4 6
46 5 5
46 6 3
46 7 7
46 8 5
46 9 1
46 10 8
47 1 3
47 2 4
47 3 4
47 4 6
47 5 5
47 6 5
47 7 6
47 8 6
47 9 8
47 10 1
48 1 4
48 2 8
48 3 3
48 4 8
48 5 4
48 6 7
48 7 5
48 8 4
48 9 6
48 10 6
49 1 9
49 2 5
49 3 2
49 4 5
49 5 6
49 6 10
49 7 2
49 8 9
49 9 2
49 10 8
50 1 7
50 2 9
50 3 7
50 4 5
50 5 3
50 6 2
50 7 7
50 8 8
50 9 8
50 10 8
51 1 2
51 2 2
51 3 2
51 4 2
51 5 2
51 6 2
51 7 4
51 8 8
51 9 8
51 10 1
52 1 8
52 2 7
52 3 8
52 4 8
52 5 9
52 6 7
52 7 10
52 8 3
52 9 6
52 10 10
53 1 4
53 2 2
53 3 3
53 4 7
53 5 2
53 6 10
53 7 7
53 8 8
53 9 9
53 10 4
54 1 6
54 2 4
54 3 10
54 4 1
54 5 5
54 6 5
54 7 2
54 8 10
54 9 5
54 10 4
55 1 8
55 2 1
55 3 2
55 4 10
55 5 4
55 6 10
55 7 1
55 8 7
55 9 3
55 10 5
56 1 4
56 2 7
56 3 10
56 4 10
56 5 7
56 6 7
56 7 7
56 8 1
56 9 8
56 10 6
57 1 6
57 2 3
57 3 4
57 4 9
57 5 5
57 6 8
57 7 3
57 8 1
57 9 9
57 10 6
58 1 5
58 2 5
58 3 6
58 4 10
58 5 6
58 6 9
58 7 4
58 8 6
58 9 3
58 10 6
59 1 7
59 2 9
59 3 9
59 4 10
59 5 5
59 6 9
59 7 3
59 8 5
59 9 5
59 10 2
60 1 5
60 2 9
60 3 4
60 4 5
60 5 2
60 6 8
60 7 5
60 8 7
60 9 9
60 10 10
61 1 2
61 2 4
61 3 7
61 4 2
61 5 1
61 6 5
61 7 2
61 8 7
61 9 3
61 10 9
62 1 5
62 2 7
62 3 4
62 4 2
62 5 3
62 6 8
62 7 4
62 8 10
62 9 2
62 10 9
63 1 9
63 2 2
63 3 8
63 4 7
63 5 10
63 6 9
63 7 6
63 8 1
63 9 5
63 10 9
64 1 5
64 2 3
64 3 7
64 4 1
64 5 9
64 6 8
64 7 1
64 8 7
64 9 10
64 10 6
65 1 8
65 2 9
65 3 10
65 4 3
65 5 1
65 6 2
65 7 9
65 8 8
65 9 3
65 10 2
66 1 7
66 2 6
66 3 8
66 4 6
66 5 3
66 6 7
66 7 2
66 8 3
66 9 10
66 10 3
67 1 8
67 2 8
67 3 4
67 4 10
67 5 3
67 6 6
67 7 10
67 8 8
67 9 3
67 10 3
68 1 6
68 2 4
68 3 10
68 4 10
68 5 4
68 6 6
68 7 8
68 8 3
68 9 5
68 10 2
69 1 3
69 2 8
69 3 8
69 4 5
69 5 7
69 6 10
69 7 2
69 8 4
69 9 9
69 10 5
70 1 3
70 2 8
70 3 5
70 4 4
70 5 2
70 6 7
70 7 3
70 8 8
70 9 4
70 10 4
71 1 8
71 2 7
71 3 2
71 4 5
71 5 10
71 6 1
71 7 2
71 8 6
71 9 8
71 10 6
72 1 7
72 2 5
72 3 2
72 4 3
72 5 4
72 6 4
72 7 1
72 8 4
72 9 3
72 10 8
73 1 8
73 2 4
73 3 5
73 4 7
73 5 9
73 6 2
73 7 10
73 8 8
73 9 5
73 10 3
74 1 4
74 2 8
74 3 7
74 4 3
74 5 10
74 6 8
74 7 8
74 8 8
74 9 8
74 10 6
75 1 2
75 2 7
75 3 4
75 4 2
75 5 9
75 6 8
75 7 9
75 8 2
75 9 4
75 10 8
76 1 7
76 2 8
76 3 8
76 4 8
76 5 8
76 6 7
76 7 1
76 8 6
76 9 10
76 10 2
77 1 2
77 2 1
77 3 6
77 4 1
77 5 9
77 6 8
77 7 2
77 8 7
77 9 3
77 10 9
78 1 1
78 2 9
78 3 6
78 4 2
78 5 3
78 6 2
78 7 6
78 8 6
78 9 5
78 10 8
79 1 3
79 2 9
79 3 4
79 4 5
79 5 8
79 6 4
79 7 8
79 8 6
79 9 8
79 10 4
80 1 4
80 2 8
80 3 2
80 4 5
80 5 6
80 6 4
80 7 9
80 8 5
80 9 5
80 10 10
81 1 1
81 2 9
81 3 4
81 4 10
81 5 4
81 6 10
81 7 5
81 8 5
81 9 2
81 10 7
82 1 10
82 2 6
82 3 2
82 4 10
82 5 3
82 6 7
82 7 3
82 8 2
82 9 3
82 10 7
83 1 8
83 2 3
83 3 6
83 4 3
83 5 4
83 6 9
83 7 10
83 8 8
83 9 2
83 10 5
84 1 7
84 2 1
84 3 4
84 4 8
84 5 2
84 6 9
84 7 10
84 8 1
84 9 9
84 10 7
85 1 6
85 2 1
85 3 4
85 4 10
85 5 9
85 6 9
85 7 1
85 8 8
85 9 4
85 10 8
86 1 9
86 2 2
86 3 6
86 4 10
86 5 1
86 6 3
86 7 4
86 8 5
86 9 4
86 10 5
87 1 2
87 2 8
87 3 10
87 4 1
87 5 1
87 6 5
87 7 2
87 8 9
87 9 8
87 10 9
88 1 3
88 2 1
88 3 4
88 4 6
88 5 3
88 6 5
88 7 3
88 8 2
88 9 4
88 10 5
89 1 1
89 2 7
89 3 10
89 4 8
89 5 9
89 6 1
89 7 5
89 8 8
89 9 9
89 10 2
90 1 7
90 2 1
90 3 4
90 4 10
90 5 10
90 6 7
90 7 7
90 8 6
90 9 6
90 10 7
91 1 1
91 2 5
91 3 9
91 4 2
91 5 9
91 6 3
91 7 9
91 8 7
91 9 9
91 10 7
92 1 8
92 2 7
92 3 9
92 4 3
92 5 8
92 6 6
92 7 2
92 8 10
92 9 3
92 10 1
93 1 4
93 2 8
93 3 6
93 4 8
93 5 10
93 6 7
93 7 5
93 8 6
93 9 6
93 10 7
94 1 1
94 2 3
94 3 4
94 4 1
94 5 6
94 6 9
94 7 1
94 8 1
94 9 9
94 10 6
95 1 9
95 2 5
95 3 8
95 4 5
95 5 10
95 6 10
95 7 2
95 8 4
95 9 2
95 10 7
96 1 6
96 2 3
96 3 8
96 4 6
96 5 7
96 6 6
96 7 1
96 8 7
96 9 3
96 10 8
97 1 10
97 2 7
97 3 3
97 4 9
97 5 8
97 6 2
97 7 10
97 8 10
97 9 1
97 10 4
98 1 1
98 2 10
98 3 7
98 4 2
98 5 9
98 6 6
98 7 8
98 8 7
98 9 10
98 10 7
99 1 8
99 2 4
99 3 10
99 4 10
99 5 10
99 6 8
99 7 3
99 8 7
99 9 1
99 10 10
100 1 2
100 2 3
100 3 10
100 4 8
100 5 9
100 6 10
100 7 3
100 8 8
100 9 7
100 10 1
101 1 1
101 2 10
101 3 5
101 4 6
101 5 10
101 6 6
101 7 9
101 8 2
101 9 8
101 10 9
102 1 6
102 2 10
102 3 9
102 4 4
102 5 9
102 6 5
102 7 7
102 8 4
102 9 4
102 10 3
103 1 7
103 2 10
103 3 3
103 4 4
103 5 8
103 6 10
103 7 7
103 8 1
103 9 4
103 10 9
104 1 5
104 2 2
104 3 2
104 4 5
104 5 7
104 6 6
104 7 6
104 8 2
104 9 7
104 10 1
105 1 9
105 2 4
105 3 8
105 4 3
105 5 2
105 6 8
105 7 5
105 8 5
105 9 6
105 10 3
106 1 4
106 2 6
106 3 8
106 4 3
106 5 2
106 6 2
106 7 3
106 8 10
106 9 5
106 10 5
107 1 10
107 2 8
107 3 4
107 4 7
107 5 5
107 6 10
107 7 3
107 8 9
107 9 2
107 10 8
108 1 1
108 2 2
108 3 3
108 4 2
108 5 2
108 6 7
108 7 2
108 8 6
108 9 2
108 10 6
109 1 1
109 2 1
109 3 1
109 4 6
109 5 10
109 6 3
109 7 7
109 8 7
109 9 8
109 10 2
110 1 1
110 2 2
110 3 8
110 4 5
110 5 8
110 6 4
110 7 5
110 8 2
110 9 3
110 10 10
111 1 1
111 2 5
111 3 3
111 4 10
111 5 2
111 6 7
111 7 4
111 8 9
111 9 3
111 10 8
112 1 6
112 2 1
112 3 7
112 4 4
112 5 3
112 6 8
112 7 6
112 8 1
112 9 2
112 10 8
113 1 4
113 2 10
113 3 6
113 4 8
113 5 3
113 6 4
113 7 3
113 8 9
113 9 1
113 10 9
114 1 9
114 2 6
114 3 10
114 4 2
114 5 7
114 6 1
114 7 7
114 8 5
114 9 8
114 10 7
115 1 10
115 2 7
115 3 9
115 4 7
115 5 5
115 6 5
115 7 1
115 8 5
115 9 2
115 10 2
116 1 3
116 2 8
116 3 2
116 4 3
116 5 6
116 6 7
116 7 3
116 8 6
116 9 4
116 10 4
117 1 1
117 2 5
117 3 2
117 4 3
117 5 10
117 6 2
117 7 1
117 8 8
117 9 2
117 10 1
118 1 1
118 2 5
118 3 10
118 4 1
118 5 6
118 6 6
118 7 10
118 8 1
118 9 9
118 10 6
119 1 10
119 2 3
119 3 4
119 4 7
119 5 7
119 6 6
119 7 1
119 8 9
119 9 1
119 10 6
120 1 5
120 2 3
120 3 2
120 4 6
120 5 9
120 6 9
120 7 8
120 8 1
120 9 3
120 10 10
121 1 4
121 2 8
121 3 7
121 4 10
121 5 6
121 6 4
121 7 3
121 8 9
121 9 1
121 10 3
122 1 2
122 2 1
122 3 9
122 4 6
122 5 9
122 6 6
122 7 10
122 8 3
122 9 10
122 10 6
123 1 5
123 2 6
123 3 2
123 4 5
123 5 10
123 6 8
123 7 4
123 8 2
123 9 1
123 10 3
124 1 7
124 2 9
124 3 6
124 4 4
124 5 5
124 6 5
124 7 7
124 8 3
124 9 6
124 10 2
125 1 1
125 2 2
125 3 9
125 4 4
125 5 3
125 6 9
125 7 8
125 8 8
125 9 2
125 10 2
126 1 9
126 2 10
126 3 5
126 4 2
126 5 5
126 6 7
126 7 2
126 8 8
126 9 6
126 10 8
127 1 3
127 2 10
127 3 7
127 4 8
127 5 5
127 6 7
127 7 9
127 8 1
127 9 5
127 10 4
128 1 7
128 2 4
128 3 7
128 4 9
128 5 10
128 6 4
128 7 2
128 8 7
128 9 7
128 10 1
129 1 7
129 2 5
129 3 9
129 4 3
129 5 2
129 6 8
129 7 4
129 8 6
129 9 10
129 10 5
130 1 5
130 2 5
130 3 5
130 4 3
130 5 5
130 6 10
130 7 6
130 8 5
130 9 10
130 10 8
131 1 9
131 2 8
131 3 6
131 4 10
131 5 3
131 6 7
131 7 1
131 8 8
131 9 4
131 10 1
132 1 3
132 2 4
132 3 10
132 4 8
132 5 1
132 6 5
132 7 1
132 8 4
132 9 7
132 10 2
133 1 7
133 2 5
133 3 5
133 4 10
133 5 2
133 6 7
133 7 8
133 8 3
133 9 10
133 10 7
134 1 4
134 2 9
134 3 5
134 4 5
134 5 7
134 6 4
134 7 6
134 8 9
134 9 10
134 10 7
135 1 4
135 2 8
135 3 6
135 4 4
135 5 5
135 6 1
135 7 10
135 8 1
135 9 5
135 10 5
136 1 2
136 2 3
136 3 6
136 4 8
136 5 6
136 6 2
136 7 9
136 8 1
136 9 10
136 10 7
137 1 6
137 2 4
137 3 4
137 4 9
137 5 2
137 6 9
137 7 6
137 8 9
137 9 2
137 10 4
138 1 3
138 2 9
138 3 4
138 4 8
138 5 9
138 6 9
138 7 4
138 8 10
138 9 3
138 10 4
139 1 9
139 2 6
139 3 3
139 4 10
139 5 9
139 6 9
139 7 8
139 8 6
139 9 7
139 10 9
140 1 3
140 2 1
140 3 6
140 4 6
140 5 6
140 6 4
140 7 10
140 8 7
140 9 8
140 10 1
141 1 10
141 2 6
141 3 10
141 4 2
141 5 5
141 6 7
141 7 3
141 8 3
141 9 6
141 10 2
142 1 4
142 2 7
142 3 5
142 4 5
142 5 6
142 6 2
142 7 3
142 8 2
142 9 6
142 10 8
143 1 1
143 2 10
143 3 7
143 4 4
143 5 5
143 6 1
143 7 3
143 8 9
143 9 6
143 10 5
144 1 7
144 2 9
144 3 10
144 4 1
144 5 5
144 6 2
144 7 7
144 8 7
144 9 3
144 10 3
145 1 6
145 2 2
145 3 2
145 4 10
145 5 7
145 6 6
145 7 10
145 8 10
145 9 2
145 10 1
146 1 10
146 2 5
146 3 8
146 4 2
146 5 10
146 6 9
146 7 10
146 8 9
146 9 3
146 10 8
147 1 3
147 2 5
147 3 10
147 4 2
147 5 9
147 6 1
147 7 9
147 8 1
147 9 5
147 10 8
148 1 2
148 2 8
148 3 4
148 4 3
148 5 1
148 6 8
148 7 2
148 8 7
148 9 7
148 10 4
149 1 3
149 2 9
149 3 7
149 4 1
149 5 5
149 6 3
149 7 7
149 8 3
149 9 10
149 10 3
150 1 7
150 2 8
150 3 6
150 4 10
150 5 6
150 6 3
150 7 6
150 8 7
150 9 2
150 10 3
151 1 6
151 2 8
151 3 4
151 4 5
151 5 1
151 6 5
151 7 7
151 8 5
151 9 2
151 10 9
152 1 9
152 2 10
152 3 8
152 4 2
152 5 6
152 6 2
152 7 1
152 8 8
152 9 1
152 10 2
153 1 2
153 2 3
153 3 3
153 4 8
153 5 8
153 6 4
153 7 9
153 8 10
153 9 5
153 10 2
154 1 4
154 2 2
154 3 5
154 4 5
154 5 6
154 6 5
154 7 5
154 8 1
154 9 7
154 10 5
155 1 10
155 2 5
155 3 2
155 4 10
155 5 8
155 6 4
155 7 3
155 8 2
155 9 8
155 10 1
156 1 10
156 2 6
156 3 1
156 4 1
156 5 3
156 6 6
156 7 3
156 8 9
156 9 7
156 10 9
157 1 7
157 2 4
157 3 7
157 4 6
157 5 1
157 6 3
157 7 2
157 8 8
157 9 6
157 10 3
158 1 4
158 2 6
158 3 3
158 4 5
158 5 2
158 6 10
158 7 8
158 8 8
158 9 10
158 10 6
159 1 5
159 2 8
159 3 7
159 4 8
159 5 6
159 6 4
159 7 5
159 8 8
159 9 2
159 10 10
160 1 4
160 2 2
160 3 8
160 4 1
160 5 1
160 6 9
160 7 5
160 8 6
160 9 5
160 10 4
161 1 7
161 2 5
161 3 1
161 4 7
161 5 2
161 6 3
161 7 6
161 8 2
161 9 9
161 10 7
162 1 3
162 2 6
162 3 3
162 4 3
162 5 2
162 6 3
162 7 10
162 8 3
162 9 1
162 10 9
163 1 3
163 2 9
163 3 8
163 4 7
163 5 1
163 6 7
163 7 10
163 8 4
163 9 6
163 10 3
164 1 9
164 2 6
164 3 1
164 4 2
164 5 3
164 6 4
164 7 10
164 8 1
164 9 3
164 10 4
165 1 4
165 2 1
165 3 6
165 4 8
165 5 9
165 6 5
165 7 9
165 8 7
165 9 6
165 10 8
166 1 8
166 2 9
166 3 8
166 4 5
166 5 8
166 6 8
166 7 6
166 8 8
166 9 10
166 10 6
167 1 2
167 2 7
167 3 7
167 4 5
167 5 3
167 6 10
167 7 10
167 8 9
167 9 7
167 10 10
168 1 1
168 2 2
168 3 7
168 4 6
168 5 8
168 6 5
168 7 4
168 8 9
168 9 6
168 10 1
169 1 8
169 2 7
169 3 3
169 4 8
169 5 6
169 6 6
169 7 10
169 8 2
169 9 8
169 10 7
170 1 8
170 2 4
170 3 10
170 4 9
170 5 8
170 6 3
170 7 8
170 8 7
170 9 8
170 10 9
171 1 10
171 2 6
171 3 3
171 4 2
171 5 1
171 6 8
171 7 1
171 8 10
171 9 9
171 10 3
172 1 9
172 2 10
172 3 1
172 4 1
172 5 8
172 6 8
172 7 6
172 8 10
172 9 10
172 10 4
173 1 2
173 2 7
173 3 8
173 4 10
173 5 9
173 6 9
173 7 8
173 8 3
173 9 4
173 10 5
174 1 6
174 2 1
174 3 9
174 4 3
174 5 1
174 6 9
174 7 2
174 8 1
174 9 5
174 10 1
175 1 7
175 2 7
175 3 2
175 4 8
175 5 8
175 6 6
175 7 6
175 8 6
175 9 9
175 10 2
176 1 4
176 2 1
176 3 4
176 4 10
176 5 1
176 6 6
176 7 4
176 8 1
176 9 2
176 10 2
177 1 3
177 2 5
177 3 6
177 4 3
177 5 5
177 6 4
177 7 1
177 8 6
177 9 1
177 10 8
178 1 9
178 2 7
178 3 4
178 4 7
178 5 8
178 6 4
178 7 4
178 8 4
178 9 9
178 10 2
179 1 4
179 2 6
179 3 8
179 4 7
179 5 6
179 6 6
179 7 10
179 8 3
179 9 10
179 10 6
180 1 6
180 2 8
180 3 6
180 4 4
180 5 10
180 6 4
180 7 2
180 8 10
180 9 1
180 10 10
181 1 6
181 2 10
181 3 9
181 4 9
181 5 7
181 6 2
181 7 7
181 8 5
181 9 8
181 10 1
182 1 1
182 2 7
182 3 7
182 4 7
182 5 8
182 6 2
182 7 1
182 8 2
182 9 1
182 10 6
183 1 10
183 2 4
183 3 5
183 4 7
183 5 9
183 6 2
183 7 6
183 8 4
183 9 9
183 10 9
184 1 3
184 2 5
184 3 4
184 4 5
184 5 4
184 6 5
184 7 1
184 8 7
184 9 6
184 10 7
185 1 8
185 2 4
185 3 10
185 4 4
185 5 4
185 6 3
185 7 10
185 8 9
185 9 9
185 10 10
186 1 4
186 2 4
186 3 3
186 4 9
186 5 3
186 6 2
186 7 9
186 8 1
186 9 10
186 10 8
187 1 7
187 2 5
187 3 5
187 4 1
187 5 10
187 6 5
187 7 9
187 8 3
187 9 3
187 10 10
188 1 6
188 2 7
188 3 5
188 4 4
188 5 4
188 6 10
188 7 5
188 8 6
188 9 4
188 10 3
189 1 7
189 2 10
189 3 10
189 4 3
189 5 9
189 6 2
189 7 9
189 8 7
189 9 7
189 10 5
190 1 2
190 2 3
190 3 8
190 4 1
190 5 1
190 6 1
190 7 2
190 8 7
190 9 8
190 10 2
191 1 4
191 2 1
191 3 5
191 4 3
191 5 9
191 6 5
191 7 5
191 8 9
191 9 3
191 10 9
192 1 6
192 2 9
192 3 4
192 4 1
192 5 8
192 6 9
192 7 9
192 8 8
192 9 10
192 10 4
193 1 4
193 2 1
193 3 4
193 4 3
193 5 9
193 6 9
193 7 2
193 8 2
193 9 7
193 10 1
194 1 2
194 2 6
194 3 7
194 4 2
194 5 1
194 6 4
194 7 9
194 8 7
194 9 8
194 10 9
195 1 4
195 2 8
195 3 3
195 4 4
195 5 5
195 6 3
195 7 8
195 8 10
195 9 1
195 10 5
196 1 10
196 2 5
196 3 1
196 4 8
196 5 7
196 6 9
196 7 8
196 8 3
196 9 8
196 10 6
197 1 9
197 2 9
197 3 7
197 4 1
197 5 3
197 6 3
197 7 4
197 8 3
197 9 9
197 10 4
198 1 9
198 2 8
198 3 4
198 4 3
198 5 3
198 6 4
198 7 1
198 8 9
198 9 3
198 10 10
199 1 5
199 2 5
199 3 3
199 4 7
199 5 8
199 6 1
199 7 7
199 8 6
199 9 10
199 10 5
200 1 10
200 2 8
200 3 3
200 4 4
200 5 2
200 6 9
200 7 9
200 8 3
200 9 4
200 10 8
201 1 4
201 2 9
201 3 3
201 4 2
201 5 3
201 6 5
201 7 7
201 8 1
201 9 1
201 10 5
202 1 7
202 2 3
202 3 2
202 4 6
202 5 8
202 6 6
202 7 4
202 8 5
202 9 4
202 10 7
203 1 5
203 2 10
203 3 9
203 4 3
203 5 5
203 6 2
203 7 5
203 8 7
203 9 4
203 10 3
204 1 6
204 2 8
204 3 5
204 4 6
204 5 9
204 6 7
204 7 4
204 8 9
204 9 8
204 10 2
205 1 10
205 2 7
205 3 10
205 4 9
205 5 9
205 6 6
205 7 9
205 8 9
205 9 3
205 10 1
206 1 10
206 2 6
206 3 6
206 4 8
206 5 9
206 6 7
206 7 10
206 8 7
206 9 4
206 10 7
207 1 8
207 2 1
207 3 8
207 4 3
207 5 1
207 6 7
207 7 3
207 8 5
207 9 5
207 10 2
208 1 8
208 2 4
208 3 5
208 4 6
208 5 2
208 6 10
208 7 4
208 8 2
208 9 9
208 10 5
209 1 8
209 2 10
209 3 3
209 4 3
209 5 2
209 6 5
209 7 10
209 8 3
209 9 1
209 10 4
210 1 7
210 2 4
210 3 6
210 4 5
210 5 7
210 6 10
210 7 5
210 8 9
210 9 1
210 10 8
211 1 7
211 2 10
211 3 1
211 4 9
211 5 2
211 6 2
211 7 1
211 8 4
211 9 7
211 10 5
212 1 6
212 2 9
212 3 5
212 4 7
212 5 3
212 6 5
212 7 2
212 8 9
212 9 9
212 10 10
213 1 3
213 2 8
213 3 6
213 4 1
213 5 3
213 6 4
213 7 5
213 8 10
213 9 5
213 10 1
214 1 5
214 2 10
214 3 6
214 4 3
214 5 4
214 6 6
214 7 4
214 8 2
214 9 1
214 10 6
215 1 3
215 2 1
215 3 7
215 4 1
215 5 3
215 6 3
215 7 2
215 8 3
215 9 1
215 10 8
216 1 9
216 2 6
216 3 1
216 4 5
216 5 3
216 6 5
216 7 10
216 8 10
216 9 9
216 10 7
217 1 6
217 2 1
217 3 5
217 4 6
217 5 5
217 6 5
217 7 9
217 8 6
217 9 4
217 10 4
218 1 8
218 2 5
218 3 8
218 4 6
218 5 2
218 6 3
218 7 5
218 8 6
218 9 6
218 10 1
219 1 10
219 2 1
219 3 4
219 4 10
219 5 6
219 6 9
219 7 4
219 8 6
219 9 2
219 10 1
220 1 7
220 2 8
220 3 10
220 4 3
220 5 2
220 6 9
220 7 9
220 8 4
220 9 7
220 10 5
221 1 1
221 2 6
221 3 2
221 4 2
221 5 1
221 6 9
221 7 9
221 8 5
221 9 2
221 10 2
222 1 9
222 2 2
222 3 10
222 4 7
222 5 9
222 6 3
222 7 10
222 8 2
222 9 10
222 10 10
223 1 8
223 2 4
223 3 8
223 4 2
223 5 10
223 6 9
223 7 2
223 8 10
223 9 7
223 10 2
224 1 2
224 2 5
224 3 2
224 4 3
224 5 8
224 6 1
224 7 2
224 8 8
224 9 3
224 10 9
225 1 5
225 2 2
225 3 8
225 4 7
225 5 5
225 6 3
225 7 6
225 8 7
225 9 8
225 10 3
226 1 9
226 2 3
226 3 3
226 4 9
226 5 6
226 6 1
226 7 4
226 8 1
226 9 6
226 10 7
227 1 10
227 2 1
227 3 7
227 4 3
227 5 8
227 6 9
227 7 6
227 8 10
227 9 5
227 10 9
228 1 6
228 2 7
228 3 10
228 4 8
228 5 3
228 6 10
228 7 4
228 8 1
228 9 5
228 10 1
229 1 8
229 2 10
229 3 5
229 4 3
229 5 3
229 6 1
229 7 6
229 8 10
229 9 1
229 10 9
230 1 6
230 2 2
230 3 5
230 4 3
230 5 8
230 6 10
230 7 4
230 8 6
230 9 6
230 10 8
231 1 5
231 2 3
231 3 3
231 4 1
231 5 2
231 6 2
231 7 6
231 8 6
231 9 4
231 10 9
232 1 8
232 2 7
232 3 6
232 4 9
232 5 8
232 6 4
232 7 5
232 8 10
232 9 2
232 10 4
233 1 8
233 2 3
233 3 7
233 4 6
233 5 9
233 6 2
233 7 3
233 8 1
233 9 7
233 10 6
234 1 8
234 2 8
234 3 5
234 4 8
234 5 10
234 6 1
234 7 4
234 8 5
234 9 9
234 10 8
235 1 4
235 2 6
235 3 3
235 4 4
235 5 7
235 6 7
235 7 6
235 8 1
235 9 8
235 10 10
236 1 1
236 2 9
236 3 5
236 4 1
236 5 1
236 6 10
236 7 10
236 8 8
236 9 10
236 10 1
237 1 6
237 2 2
237 3 10
237 4 7
237 5 9
237 6 2
237 7 8
237 8 9
237 9 3
237 10 3
238 1 10
238 2 6
238 3 1
238 4 10
238 5 6
238 6 1
238 7 8
238 8 6
238 9 5
238 10 1
239 1 9
239 2 6
239 3 7
239 4 6
239 5 5
239 6 3
239 7 5
239 8 10
239 9 9
239 10 9
240 1 6
240 2 4
240 3 9
240 4 5
240 5 8
240 6 9
240 7 1
240 8 8
240 9 9
240 10 2
241 1 10
241 2 5
241 3 3
241 4 5
241 5 4
241 6 5
241 7 7
241 8 4
241 9 7
241 10 9
242 1 9
242 2 5
242 3 5
242 4 6
242 5 10
242 6 2
242 7 4
242 8 9
242 9 5
242 10 3
243 1 1
243 2 5
243 3 7
243 4 4
243 5 3
243 6 5
243 7 10
243 8 2
243 9 6
243 10 3
244 1 7
244 2 3
244 3 10
244 4 5
244 5 4
244 6 5
244 7 10
244 8 4
244 9 7
244 10 10
245 1 10
245 2 10
245 3 2
245 4 1
245 5 3
245 6 4
245 7 10
245 8 3
245 9 9
245 10 9
246 1 2
246 2 8
246 3 5
246 4 1
246 5 2
246 6 8
246 7 5
246 8 8
246 9 1
246 10 2
247 1 6
247 2 5
247 3 8
247 4 1
247 5 8
247 6 9
247 7 8
247 8 1
247 9 3
247 10 5
248 1 4
248 2 1
248 3 2
248 4 9
248 5 5
248 6 2
248 7 10
248 8 5
248 9 7
248 10 9
249 1 8
249 2 1
249 3 6
249 4 7
249 5 4
249 6 10
249 7 4
249 8 5
249 9 6
249 10 2
250 1 5
250 2 3
250 3 6
250 4 1
250 5 10
250 6 2
250 7 3
250 8 8
250 9 1
250 10 2
251 1 6
251 2 9
251 3 4
251 4 2
251 5 5
251 6 9
251 7 10
251 8 6
251 9 3
251 10 4
252 1 9
252 2 5
252 3 10
252 4 4
252 5 8
252 6 3
252 7 7
252 8 8
252 9 3
252 10 1
253 1 7
253 2 2
253 3 5
253 4 9
253 5 9
253 6 4
253 7 8
253 8 10
253 9 6
253 10 4
254 1 7
254 2 2
254 3 8
254 4 2
254 5 9
254 6 10
254 7 8
254 8 10
254 9 10
254 10 1
255 1 4
255 2 8
255 3 10
255 4 6
255 5 2
255 6 9
255 7 2
255 8 9
255 9 5
255 10 1
256 1 9
256 2 7
256 3 10
256 4 3
256 5 1
256 6 2
256 7 4
256 8 5
256 9 4
256 10 8
257 1 7
257 2 1
257 3 10
257 4 6
257 5 6
257 6 8
257 7 5
257 8 9
257 9 10
257 10 9
258 1 6
258 2 5
258 3 4
258 4 6
258 5 7
258 6 2
258 7 5
258 8 7
258 9 8
258 10 5
259 1 3
259 2 6
259 3 2
259 4 10
259 5 2
259 6 9
259 7 2
259 8 2
259 9 6
259 10 10
260 1 3
260 2 9
260 3 5
260 4 6
260 5 8
260 6 4
260 7 5
260 8 8
260 9 6
260 10 10
261 1 4
261 2 6
261 3 4
261 4 1
261 5 1
261 6 7
261 7 8
261 8 2
261 9 8
261 10 8
262 1 10
262 2 4
262 3 8
262 4 9
262 5 10
262 6 6
262 7 7
262 8 10
262 9 1
262 10 3
263 1 7
263 2 2
263 3 1
263 4 7
263 5 7
263 6 3
263 7 1
263 8 7
263 9 6
263 10 10
264 1 4
264 2 8
264 3 5
264 4 5
264 5 6
264 6 3
264 7 1
264 8 6
264 9 7
264 10 7
265 1 1
265 2 8
265 3 4
265 4 7
265 5 10
265 6 8
265 7 7
265 8 2
265 9 4
265 10 4
266 1 10
266 2 8
266 3 4
266 4 3
266 5 9
266 6 3
266 7 6
266 8 8
266 9 1
266 10 2
267 1 8
267 2 1
267 3 4
267 4 1
267 5 6
267 6 1
267 7 3
267 8 5
267 9 9
267 10 2
268 1 8
268 2 6
268 3 1
268 4 2
268 5 5
268 6 2
268 7 10
268 8 9
268 9 9
268 10 5
269 1 1
269 2 6
269 3 4
269 4 2
269 5 1
269 6 9
269 7 3
269 8 10
269 9 5
269 10 2
270 1 10
270 2 1
270 3 6
270 4 9
270 5 9
270 6 10
270 7 8
270 8 6
270 9 4
270 10 8
271 1 8
271 2 6
271 3 9
271 4 7
271 5 10
271 6 10
271 7 6
271 8 6
271 9 5
271 10 5
272 1 9
272 2 5
272 3 3
272 4 4
272 5 9
272 6 2
272 7 7
272 8 1
272 9 1
272 10 10
273 1 5
273 2 9
273 3 6
273 4 5
273 5 7
273 6 2
273 7 9
273 8 2
273 9 8
273 10 4
274 1 7
274 2 1
274 3 4
274 4 2
274 5 8
274 6 6
274 7 8
274 8 2
274 9 7
274 10 7
275 1 8
275 2 3
275 3 3
275 4 9
275 5 9
275 6 8
275 7 1
275 8 2
275 9 10
275 10 9
276 1 3
276 2 10
276 3 7
276 4 4
276 5 4
276 6 7
276 7 9
276 8 5
276 9 3
276 10 5
277 1 8
277 2 10
277 3 9
277 4 2
277 5 10
277 6 2
277 7 1
277 8 9
277 9 2
277 10 5
278 1 3
278 2 7
278 3 8
278 4 1
278 5 5
278 6 8
278 7 10
278 8 3
278 9 1
278 10 4
279 1 7
279 2 7
279 3 8
279 4 5
279 5 9
279 6 4
279 7 4
279 8 3
279 9 3
279 10 4
280 1 7
280 2 7
280 3 9
280 4 4
280 5 6
280 6 8
280 7 10
280 8 10
280 9 8
280 10 10
281 1 9
281 2 10
281 3 4
281 4 10
281 5 5
281 6 3
281 7 3
281 8 10
281 9 3
281 10 4
282 1 7
282 2 7
282 3 5
282 4 10
282 5 6
282 6 1
282 7 10
282 8 6
282 9 2
282 10 10
283 1 2
283 2 5
283 3 1
283 4 9
283 5 8
283 6 8
283 7 2
283 8 6
283 9 3
283 10 3
284 1 6
284 2 9
284 3 7
284 4 5
284 5 2
284 6 7
284 7 2
284 8 7
284 9 3
284 10 7
285 1 2
285 2 7
285 3 3
285 4 4
285 5 1
285 6 10
285 7 6
285 8 7
285 9 10
285 10 2
286 1 10
286 2 9
286 3 9
286 4 10
286 5 5
286 6 6
286 7 4
286 8 7
286 9 1
286 10 2
287 1 9
287 2 8
287 3 9
287 4 1
287 5 8
287 6 8
287 7 3
287 8 4
287 9 7
287 10 2
288 1 1
288 2 6
288 3 2
288 4 8
288 5 9
288 6 10
288 7 6
288 8 5
288 9 9
288 10 6
289 1 5
289 2 9
289 3 10
289 4 10
289 5 7
289 6 4
289 7 1
289 8 9
289 9 6
289 10 9
290 1 1
290 2 6
290 3 1
290 4 10
290 5 6
290 6 1
290 7 7
290 8 1
290 9 3
290 10 3
291 1 5
291 2 10
291 3 3
291 4 10
291 5 6
291 6 7
291 7 3
291 8 3
291 9 8
291 10 6
292 1 5
292 2 4
292 3 2
292 4 8
292 5 2
292 6 2
292 7 5
292 8 4
292 9 10
292 10 1
293 1 9
293 2 5
293 3 8
293 4 5
293 5 8
293 6 8
293 7 2
293 8 4
293 9 3
293 10 4
294 1 4
294 2 5
294 3 6
294 4 5
294 5 9
294 6 10
294 7 7
294 8 6
294 9 4
294 10 7
295 1 8
295 2 7
295 3 2
295 4 7
295 5 2
295 6 5
295 7 10
295 8 8
295 9 6
295 10 2
296 1 4
296 2 2
296 3 4
296 4 1
296 5 9
296 6 2
296 7 5
296 8 5
296 9 7
296 10 10
297 1 6
297 2 10
297 3 3
297 4 5
297 5 5
297 6 8
297 7 2
297 8 8
297 9 8
297 10 9
298 1 4
298 2 4
298 3 1
298 4 7
298 5 2
298 6 10
298 7 6
298 8 6
298 9 1
298 10 4
299 1 6
299 2 4
299 3 10
299 4 2
299 5 3
299 6 7
299 7 6
299 8 2
299 9 5
299 10 2
300 1 3
300 2 7
300 3 9
300 4 6
300 5 2
300 6 1
300 7 5
300 8 2
300 9 2
300 10 10
301 1 8
301 2 10
301 3 2
301 4 4
301 5 8
301 6 4
301 7 5
301 8 8
301 9 7
301 10 6
302 1 1
302 2 8
302 3 10
302 4 4
302 5 3
302 6 4
302 7 3
302 8 4
302 9 10
302 10 2
303 1 4
303 2 8
303 3 3
303 4 6
303 5 5
303 6 2
303 7 8
303 8 10
303 9 1
303 10 3
304 1 9
304 2 4
304 3 6
304 4 5
304 5 4
304 6 1
304 7 10
304 8 6
304 9 8
304 10 8
305 1 3
305 2 3
305 3 10
305 4 1
305 5 6
305 6 5
305 7 9
305 8 7
305 9 3
305 10 6
306 1 4
306 2 4
306 3 7
306 4 2
306 5 9
306 6 10
306 7 7
306 8 10
306 9 4
306 10 9
307 1 10
307 2 1
307 3 7
307 4 8
307 5 3
307 6 6
307 7 5
307 8 5
307 9 8
307 10 8
308 1 10
308 2 6
308 3 3
308 4 7
308 5 4
308 6 10
308 7 4
308 8 8
308 9 4
308 10 3
309 1 10
309 2 8
309 3 2
309 4 6
309 5 4
309 6 6
309 7 4
309 8 2
309 9 6
309 10 3
310 1 2
310 2 2
310 3 6
310 4 5
310 5 10
310 6 4
310 7 10
310 8 5
310 9 5
310 10 6
311 1 7
311 2 2
311 3 1
311 4 7
311 5 4
311 6 9
311 7 9
311 8 10
311 9 7
311 10 3
312 1 10
312 2 3
312 3 5
312 4 4
312 5 10
312 6 1
312 7 8
312 8 2
312 9 10
312 10 4
313 1 2
313 2 1
313 3 2
313 4 10
313 5 6
313 6 7
313 7 10
313 8 4
313 9 5
313 10 9
314 1 6
314 2 2
314 3 6
314 4 5
314 5 6
314 6 2
314 7 4
314 8 2
314 9 9
314 10 5
315 1 2
315 2 10
315 3 9
315 4 6
315 5 3
315 6 10
315 7 8
315 8 2
315 9 5
315 10 9
316 1 6
316 2 2
316 3 1
316 4 8
316 5 2
316 6 2
316 7 4
316 8 9
316 9 9
316 10 6
317 1 5
317 2 9
317 3 2
317 4 4
317 5 2
317 6 5
317 7 5
317 8 7
317 9 9
317 10 4
318 1 4
318 2 7
318 3 9
318 4 9
318 5 8
318 6 10
318 7 1
318 8 9
318 9 8
318 10 4
319 1 8
319 2 5
319 3 2
319 4 6
319 5 10
319 6 5
319 7 2
319 8 10
319 9 6
319 10 5
320 1 10
320 2 4
320 3 10
320 4 1
320 5 2
320 6 3
320 7 9
320 8 8
320 9 6
320 10 1
321 1 4
321 2 5
321 3 6
321 4 4
321 5 10
321 6 3
321 7 6
321 8 8
321 9 6
321 10 3
322 1 9
322 2 1
322 3 2
322 4 2
322 5 2
322 6 2
322 7 1
322 8 4
322 9 1
322 10 10
323 1 9
323 2 4
323 3 5
323 4 7
323 5 8
323 6 1
323 7 8
323 8 8
323 9 4
323 10 3
324 1 9
324 2 6
324 3 6
324 4 5
324 5 1
324 6 6
324 7 4
324 8 6
324 9 9
324 10 3
325 1 5
325 2 8
325 3 2
325 4 7
325 5 7
325 6 3
325 7 4
325 8 10
325 9 1
325 10 9
326 1 3
326 2 7
326 3 4
326 4 3
326 5 6
326 6 6
326 7 3
326 8 6
326 9 9
326 10 3
327 1 2
327 2 6
327 3 10
327 4 7
327 5 7
327 6 6
327 7 6
327 8 3
327 9 7
327 10 10
328 1 6
328 2 9
328 3 6
328 4 1
328 5 1
328 6 10
328 7 8
328 8 2
328 9 2
328 10 6
329 1 1
329 2 5
329 3 8
329 4 6
329 5 4
329 6 10
329 7 4
329 8 8
329 9 7
329 10 10
330 1 10
330 2 10
330 3 4
330 4 1
330 5 2
330 6 9
330 7 9
330 8 5
330 9 5
330 10 5
331 1 10
331 2 6
331 3 9
331 4 2
331 5 8
331 6 6
331 7 9
331 8 6
331 9 7
331 10 8
332 1 9
332 2 10
332 3 8
332 4 2
332 5 1
332 6 8
332 7 2
332 8 7
332 9 1
332 10 3
333 1 1
333 2 7
333 3 5
333 4 8
333 5 9
333 6 5
333 7 9
333 8 10
333 9 7
333 10 5
334 1 8
334 2 8
334 3 2
334 4 1
334 5 2
334 6 5
334 7 2
334 8 7
334 9 6
334 10 3
335 1 1
335 2 9
335 3 3
335 4 6
335 5 1
335 6 7
335 7 4
335 8 1
335 9 2
335 10 6
336 1 3
336 2 2
336 3 8
336 4 10
336 5 10
336 6 6
336 7 6
336 8 4
336 9 10
336 10 6
337 1 1
337 2 4
337 3 3
337 4 4
337 5 8
337 6 1
337 7 5
337 8 9
337 9 3
337 10 5
338 1 10
338 2 4
338 3 10
338 4 7
338 5 7
338 6 7
338 7 3
338 8 10
338 9 9
338 10 10
339 1 4
339 2 8
339 3 2
339 4 5
339 5 9
339 6 5
339 7 5
339 8 5
339 9 6
339 10 2
340 1 2
340 2 4
340 3 10
340 4 8
340 5 8
340 6 4
340 7 5
340 8 2
340 9 5
340 10 5
341 1 4
341 2 6
341 3 9
341 4 10
341 5 1
341 6 5
341 7 10
341 8 2
341 9 9
341 10 5
342 1 4
342 2 8
342 3 2
342 4 2
342 5 5
342 6 2
342 7 6
342 8 10
342 9 8
342 10 1
343 1 8
343 2 4
343 3 3
343 4 7
343 5 9
343 6 3
343 7 3
343 8 1
343 9 8
343 10 3
344 1 8
344 2 10
344 3 4
344 4 7
344 5 10
344 6 10
344 7 7
344 8 9
344 9 6
344 10 4
345 1 1
345 2 9
345 3 4
345 4 5
345 5 7
345 6 6
345 7 4
345 8 1
345 9 8
345 10 6
346 1 2
346 2 2
346 3 8
346 4 6
346 5 5
346 6 4
346 7 1
346 8 10
346 9 6
346 10 10
347 1 8
347 2 10
347 3 3
347 4 4
347 5 10
347 6 2
347 7 7
347 8 4
347 9 3
347 10 1
348 1 7
348 2 7
348 3 4
348 4 10
348 5 3
348 6 4
348 7 5
348 8 10
348 9 5
348 10 9
349 1 2
349 2 3
349 3 8
349 4 4
349 5 9
349 6 5
349 7 4
349 8 4
349 9 5
349 10 7
350 1 8
350 2 5
350 3 7
350 4 9
350 5 8
350 6 7
350 7 2
350 8 3
350 9 7
350 10 2
351 1 6
351 2 8
351 3 1
351 4 1
351 5 10
351 6 9
351 7 1
351 8 5
351 9 8
351 10 6
352 1 9
352 2 10
352 3 5
352 4 6
352 5 10
352 6 3
352 7 7
352 8 5
352 9 10
352 10 7
353 1 5
353 2 2
353 3 9
353 4 5
353 5 2
353 6 2
353 7 2
353 8 6
353 9 3
353 10 7
354 1 8
354 2 7
354 3 2
354 4 1
354 5 6
354 6 7
354 7 5
354 8 4
354 9 1
354 10 7
355 1 2
355 2 8
355 3 6
355 4 2
355 5 6
355 6 1
355 7 3
355 8 9
355 9 4
355 10 6
356 1 8
356 2 3
356 3 2
356 4 9
356 5 3
356 6 8
356 7 7
356 8 4
356 9 5
356 10 4
357 1 8
357 2 10
357 3 5
357 4 8
357 5 6
357 6 9
357 7 5
357 8 4
357 9 7
357 10 9
358 1 5
358 2 3
358 3 6
358 4 9
358 5 10
358 6 6
358 7 7
358 8 4
358 9 1
358 10 8
359 1 9
359 2 7
359 3 7
359 4 9
359 5 8
359 6 10
359 7 6
359 8 6
359 9 10
359 10 10
360 1 1
360 2 3
360 3 8
360 4 3
360 5 10
360 6 2
360 7 2
360 8 8
360 9 10
360 10 5
361 1 6
361 2 5
361 3 5
361 4 5
361 5 2
361 6 2
361 7 7
361 8 1
361 9 1
361 10 6
362 1 8
362 2 8
362 3 9
362 4 2
362 5 7
362 6 10
362 7 2
362 8 8
362 9 4
362 10 9
363 1 10
363 2 3
363 3 8
363 4 10
363 5 6
363 6 2
363 7 7
363 8 2
363 9 5
363 10 2
364 1 5
364 2 10
364 3 1
364 4 10
364 5 1
364 6 5
364 7 3
364 8 7
364 9 7
364 10 1
365 1 4
365 2 7
365 3 6
365 4 3
365 5 10
365 6 8
365 7 7
365 8 7
365 9 10
365 10 8
366 1 1
366 2 4
366 3 2
366 4 4
366 5 6
366 6 4
366 7 5
366 8 3
366 9 5
366 10 2
367 1 5
367 2 5
367 3 10
367 4 5
367 5 5
367 6 10
367 7 1
367 8 6
367 9 5
367 10 2
368 1 1
368 2 5
368 3 9
368 4 5
368 5 1
368 6 8
368 7 5
368 8 1
368 9 5
368 10 10
369 1 1
369 2 1
369 3 3
369 4 5
369 5 8
369 6 8
369 7 2
369 8 9
369 9 8
369 10 1
370 1 9
370 2 4
370 3 5
370 4 1
370 5 9
370 6 10
370 7 1
370 8 3
370 9 6
370 10 9
371 1 9
371 2 8
371 3 8
371 4 6
371 5 4
371 6 5
371 7 1
371 8 6
371 9 8
371 10 9
372 1 9
372 2 9
372 3 4
372 4 3
372 5 4
372 6 4
372 7 6
372 8 2
372 9 6
372 10 8
373 1 6
373 2 2
373 3 5
373 4 7
373 5 2
373 6 1
373 7 8
373 8 1
373 9 5
373 10 8
374 1 9
374 2 1
374 3 8
374 4 1
374 5 6
374 6 2
374 7 10
374 8 9
374 9 1
374 10 10
375 1 6
375 2 9
375 3 3
375 4 4
375 5 7
375 6 8
375 7 8
375 8 8
375 9 7
375 10 1
376 1 7
376 2 3
376 3 2
376 4 6
376 5 4
376 6 10
376 7 4
376 8 3
376 9 5
376 10 8
377 1 6
377 2 8
377 3 4
377 4 7
377 5 9
377 6 9
377 7 2
377 8 1
377 9 6
377 10 7
378 1 5
378 2 2
378 3 5
378 4 1
378 5 9
378 6 5
378 7 3
378 8 9
378 9 10
378 10 4
379 1 3
379 2 4
379 3 7
379 4 5
379 5 10
379 6 10
379 7 10
379 8 7
379 9 8
379 10 7
380 1 4
380 2 5
380 3 3
380 4 5
380 5 10
380 6 9
380 7 9
380 8 9
380 9 2
380 10 10
381 1 3
381 2 10
381 3 4
381 4 2
381 5 4
381 6 3
381 7 7
381 8 10
381 9 2
381 10 6
382 1 10
382 2 8
382 3 5
382 4 1
382 5 5
382 6 9
382 7 9
382 8 8
382 9 1
382 10 9
383 1 10
383 2 3
383 3 5
383 4 4
383 5 3
383 6 7
383 7 5
383 8 5
383 9 3
383 10 3
384 1 4
384 2 10
384 3 10
384 4 5
384 5 5
384 6 5
384 7 2
384 8 4
384 9 4
384 10 2
385 1 3
385 2 9
385 3 4
385 4 9
385 5 3
385 6 8
385 7 3
385 8 1
385 9 10
385 10 6
386 1 9
386 2 5
386 3 5
386 4 6
386 5 2
386 6 1
386 7 7
386 8 9
386 9 1
386 10 10
387 1 2
387 2 2
387 3 6
387 4 10
387 5 1
387 6 2
387 7 4
387 8 4
387 9 7
387 10 4
388 1 2
388 2 10
388 3 6
388 4 1
388 5 8
388 6 3
388 7 3
388 8 2
388 9 10
388 10 4
389 1 8
389 2 5
389 3 4
389 4 9
389 5 3
389 6 2
389 7 2
389 8 7
389 9 4
389 10 5
390 1 2
390 2 3
390 3 2
390 4 4
390 5 6
390 6 7
390 7 3
390 8 5
390 9 1
390 10 10
391 1 4
391 2 9
391 3 3
391 4 3
391 5 4
391 6 4
391 7 2
391 8 5
391 9 3
391 10 9
392 1 6
392 2 3
392 3 10
392 4 5
392 5 6
392 6 5
392 7 9
392 8 3
392 9 1
392 10 5
393 1 5
393 2 3
393 3 10
393 4 3
393 5 10
393 6 9
393 7 9
393 8 3
393 9 2
393 10 9
394 1 9
394 2 1
394 3 5
394 4 10
394 5 7
394 6 1
394 7 8
394 8 6
394 9 6
394 10 2
395 1 3
395 2 7
395 3 8
395 4 4
395 5 9
395 6 5
395 7 5
395 8 2
395 9 2
395 10 4
396 1 1
396 2 10
396 3 10
396 4 6
396 5 3
396 6 4
396 7 3
396 8 4
396 9 3
396 10 2
397 1 6
397 2 8
397 3 9
397 4 7
397 5 1
397 6 7
397 7 5
397 8 5
397 9 5
397 10 2
398 1 2
398 2 4
398 3 6
398 4 5
398 5 8
398 6 5
398 7 2
398 8 5
398 9 5
398 10 1
399 1 1
399 2 8
399 3 6
399 4 6
399 5 4
399 6 10
399 7 2
399 8 2
399 9 2
399 10 3
400 1 5
400 2 5
400 3 10
400 4 6
400 5 1
400 6 6
400 7 10
400 8 9
400 9 6
400 10 9
401 1 6
401 2 5
401 3 1
401 4 6
401 5 7
401 6 2
401 7 9
401 8 10
401 9 7
401 10 1
402 1 2
402 2 9
402 3 7
402 4 1
402 5 2
402 6 6
402 7 10
402 8 7
402 9 7
402 10 9
403 1 4
403 2 10
403 3 8
403 4 1
403 5 5
403 6 9
403 7 8
403 8 2
403 9 7
403 10 2
404 1 1
404 2 3
404 3 10
404 4 7
404 5 1
404 6 1
404 7 5
404 8 2
404 9 5
404 10 4
405 1 1
405 2 2
405 3 7
405 4 1
405 5 10
405 6 1
405 7 2
405 8 10
405 9 1
405 10 2
406 1 1
406 2 7
406 3 10
406 4 6
406 5 8
406 6 8
406 7 7
406 8 6
406 9 2
406 10 3
407 1 7
407 2 4
407 3 3
407 4 3
407 5 2
407 6 6
407 7 10
407 8 4
407 9 8
407 10 8
408 1 5
408 2 1
408 3 1
408 4 6
408 5 4
408 6 1
408 7 1
408 8 7
408 9 5
408 10 2
409 1 4
409 2 6
409 3 7
409 4 6
409 5 5
409 6 3
409 7 4
409 8 7
409 9 2
409 10 5
410 1 9
410 2 7
410 3 5
410 4 6
410 5 10
410 6 2
410 7 4
410 8 10
410 9 2
410 10 1
411 1 9
411 2 5
411 3 6
411 4 9
411 5 8
411 6 2
411 7 9
411 8 9
411 9 4
411 10 1
412 1 9
412 2 6
412 3 2
412 4 6
412 5 1
412 6 4
412 7 4
412 8 9
412 9 7
412 10 7
413 1 7
413 2 6
413 3 1
413 4 8
413 5 8
413 6 4
413 7 7
413 8 8
413 9 9
413 10 8
414 1 9
414 2 2
414 3 3
414 4 2
414 5 1
414 6 5
414 7 3
414 8 8
414 9 8
414 10 4
415 1 9
415 2 9
415 3 9
415 4 5
415 5 10
415 6 7
415 7 7
415 8 7
415 9 8
415 10 1
416 1 8
416 2 10
416 3 4
416 4 3
416 5 6
416 6 10
416 7 5
416 8 7
416 9 4
416 10 5
417 1 4
417 2 6
417 3 7
417 4 4
417 5 3
417 6 5
417 7 1
417 8 2
417 9 1
417 10 8
418 1 5
418 2 3
418 3 3
418 4 6
418 5 1
418 6 3
418 7 9
418 8 4
418 9 9
418 10 1
419 1 3
419 2 5
419 3 10
419 4 9
419 5 6
419 6 10
419 7 10
419 8 4
419 9 3
419 10 7
420 1 1
420 2 2
420 3 8
420 4 4
420 5 8
420 6 10
420 7 2
420 8 5
420 9 2
420 10 8
421 1 7
421 2 1
421 3 4
421 4 1
421 5 7
421 6 2
421 7 9
421 8 2
421 9 1
421 10 4
422 1 9
422 2 9
422 3 2
422 4 2
422 5 9
422 6 1
422 7 9
422 8 10
422 9 7
422 10 7
423 1 6
423 2 6
423 3 8
423 4 6
423 5 8
423 6 1
423 7 4
423 8 6
423 9 6
423 10 2
424 1 1
424 2 5
424 3 4
424 4 1
424 5 9
424 6 8
424 7 8
424 8 7
424 9 7
424 10 3
425 1 9
425 2 10
425 3 2
425 4 10
425 5 8
425 6 4
425 7 6
425 8 10
425 9 3
425 10 8
426 1 5
426 2 2
426 3 7
426 4 9
426 5 7
426 6 1
426 7 5
426 8 7
426 9 7
426 10 3
427 1 2
427 2 4
427 3 2
427 4 4
427 5 7
427 6 6
427 7 1
427 8 6
427 9 9
427 10 2
428 1 3
428 2 9
428 3 9
428 4 7
428 5 10
428 6 5
428 7 6
428 8 7
428 9 7
428 10 5
429 1 1
429 2 3
429 3 7
429 4 9
429 5 9
429 6 10
429 7 2
429 8 6
429 9 2
429 10 7
430 1 8
430 2 10
430 3 8
430 4 10
430 5 5
430 6 7
430 7 4
430 8 5
430 9 4
430 10 3
431 1 10
431 2 1
431 3 1
431 4 6
431 5 9
431 6 5
431 7 5
431 8 6
431 9 7
431 10 8
432 1 2
432 2 5
432 3 2
432 4 7
432 5 5
432 6 2
432 7 7
432 8 1
432 9 3
432 10 6
433 1 1
433 2 9
433 3 7
433 4 7
433 5 10
433 6 8
433 7 4
433 8 10
433 9 2
433 10 4
434 1 4
434 2 9
434 3 5
434 4 5
434 5 2
434 6 8
434 7 2
434 8 6
434 9 1
434 10 7
435 1 7
435 2 3
435 3 3
435 4 6
435 5 8
435 6 10
435 7 3
435 8 2
435 9 8
435 10 1
436 1 5
436 2 1
436 3 3
436 4 7
436 5 2
436 6 5
436 7 5
436 8 8
436 9 7
436 10 7
437 1 2
437 2 9
437 3 7
437 4 4
437 5 1
437 6 8
437 7 4
437 8 2
437 9 7
437 10 8
438 1 4
438 2 5
438 3 5
438 4 7
438 5 4
438 6 10
438 7 9
438 8 9
438 9 7
438 10 8
439 1 5
439 2 2
439 3 6
439 4 2
439 5 8
439 6 2
439 7 5
439 8 1
439 9 6
439 10 5
440 1 4
440 2 9
440 3 9
440 4 7
440 5 7
440 6 5
440 7 8
440 8 2
440 9 2
440 10 10
441 1 8
441 2 10
441 3 10
441 4 1
441 5 1
441 6 2
441 7 9
441 8 2
441 9 4
441 10 4
442 1 9
442 2 9
442 3 5
442 4 10
442 5 1
442 6 7
442 7 6
442 8 8
442 9 10
442 10 1
443 1 6
443 2 1
443 3 1
443 4 9
443 5 4
443 6 3
443 7 4
443 8 7
443 9 5
443 10 10
444 1 9
444 2 6
444 3 2
444 4 9
444 5 7
444 6 1
444 7 10
444 8 8
444 9 6
444 10 3
445 1 9
445 2 9
445 3 3
445 4 1
445 5 8
445 6 2
445 7 7
445 8 3
445 9 10
445 10 8
446 1 1
446 2 3
446 3 4
446 4 6
446 5 8
446 6 9
446 7 10
446 8 1
446 9 8
446 10 7
447 1 9
447 2 4
447 3 3
447 4 2
447 5 5
447 6 1
447 7 9
447 8 10
447 9 2
447 10 4
448 1 3
448 2 10
448 3 3
448 4 7
448 5 5
448 6 2
448 7 9
448 8 8
448 9 2
448 10 9
449 1 1
449 2 4
449 3 8
449 4 10
449 5 8
449 6 5
449 7 7
449 8 1
449 9 10
449 10 7
450 1 7
450 2 3
450 3 9
450 4 10
450 5 8
450 6 5
450 7 6
450 8 2
450 9 2
450 10 9
451 1 6
451 2 10
451 3 1
451 4 5
451 5 1
451 6 4
451 7 6
451 8 8
451 9 4
451 10 9
452 1 4
452 2 7
452 3 5
452 4 2
452 5 8
452 6 8
452 7 2
452 8 4
452 9 9
452 10 1
453 1 2
453 2 3
453 3 2
453 4 9
453 5 2
453 6 7
453 7 6
453 8 8
453 9 5
453 10 4
454 1 2
454 2 8
454 3 3
454 4 4
454 5 10
454 6 2
454 7 6
454 8 9
454 9 10
454 10 7
455 1 7
455 2 3
455 3 2
455 4 10
455 5 10
455 6 9
455 7 3
455 8 7
455 9 1
455 10 10
456 1 2
456 2 7
456 3 9
456 4 9
456 5 3
456 6 10
456 7 6
456 8 7
456 9 3
456 10 1
457 1 5
457 2 4
457 3 10
457 4 6
457 5 8
457 6 5
457 7 10
457 8 1
457 9 9
457 10 2
458 1 1
458 2 9
458 3 1
458 4 8
458 5 7
458 6 3
458 7 9
458 8 5
458 9 3
458 10 7
459 1 9
459 2 7
459 3 2
459 4 7
459 5 10
459 6 10
459 7 3
459 8 5
459 9 2
459 10 2
460 1 4
460 2 3
460 3 3
460 4 10
460 5 2
460 6 6
460 7 4
460 8 8
460 9 1
460 10 10
461 1 2
461 2 9
461 3 3
461 4 6
461 5 7
461 6 9
461 7 9
461 8 2
461 9 10
461 10 6
462 1 4
462 2 5
462 3 7
462 4 5
462 5 7
462 6 9
462 7 10
462 8 5
462 9 1
462 10 1
463 1 10
463 2 7
463 3 3
463 4 3
463 5 4
463 6 2
463 7 10
463 8 2
463 9 7
463 10 4
464 1 9
464 2 3
464 3 9
464 4 7
464 5 4
464 6 4
464 7 10
464 8 8
464 9 9
464 10 5
465 1 10
465 2 3
465 3 8
465 4 7
465 5 2
465 6 1
465 7 3
465 8 7
465 9 2
465 10 8
466 1 1
466 2 5
466 3 2
466 4 3
466 5 9
466 6 1
466 7 9
466 8 1
466 9 10
466 10 3
467 1 6
467 2 3
467 3 8
467 4 8
467 5 3
467 6 4
467 7 10
467 8 5
467 9 7
467 10 10
468 1 9
468 2 6
468 3 4
468 4 1
468 5 3
468 6 8
468 7 3
468 8 9
468 9 8
468 10 1
469 1 1
469 2 7
469 3 5
469 4 5
469 5 9
469 6 4
469 7 4
469 8 4
469 9 6
469 10 4
470 1 10
470 2 6
470 3 1
470 4 7
470 5 8
470 6 3
470 7 2
470 8 2
470 9 5
470 10 10
471 1 2
471 2 7
471 3 9
471 4 9
471 5 1
471 6 1
471 7 3
471 8 9
471 9 7
471 10 1
472 1 8
472 2 7
472 3 10
472 4 3
472 5 10
472 6 9
472 7 4
472 8 8
472 9 7
472 10 2
473 1 4
473 2 9
473 3 7
473 4 3
473 5 10
473 6 10
473 7 4
473 8 4
473 9 1
473 10 8
474 1 5
474 2 4
474 3 7
474 4 5
474 5 9
474 6 10
474 7 10
474 8 2
474 9 2
474 10 8
475 1 8
475 2 6
475 3 2
475 4 1
475 5 8
475 6 4
475 7 5
475 8 2
475 9 4
475 10 5
476 1 2
476 2 10
476 3 7
476 4 4
476 5 10
476 6 10
476 7 10
476 8 6
476 9 10
476 10 7
477 1 3
477 2 9
477 3 6
477 4 4
477 5 10
477 6 9
477 7 5
477 8 5
477 9 6
477 10 1
478 1 4
478 2 2
478 3 9
478 4 9
478 5 8
478 6 3
478 7 10
478 8 2
478 9 10
478 10 5
479 1 2
479 2 5
479 3 3
479 4 5
479 5 1
479 6 8
479 7 3
479 8 10
479 9 8
479 10 9
480 1 5
480 2 2
480 3 3
480 4 8
480 5 9
480 6 8
480 7 8
480 8 1
480 9 1
480 10 2
481 1 4
481 2 5
481 3 8
481 4 4
481 5 2
481 6 1
481 7 8
481 8 10
481 9 6
481 10 8
482 1 6
482 2 8
482 3 10
482 4 10
482 5 3
482 6 3
482 7 9
482 8 1
482 9 7
482 10 4
483 1 6
483 2 5
483 3 1
483 4 9
483 5 2
483 6 6
483 7 10
483 8 10
483 9 6
483 10 3
484 1 1
484 2 9
484 3 7
484 4 9
484 5 8
484 6 6
484 7 4
484 8 3
484 9 10
484 10 5
485 1 1
485 2 5
485 3 5
485 4 4
485 5 6
485 6 4
485 7 4
485 8 5
485 9 10
485 10 7
486 1 2
486 2 5
486 3 8
486 4 2
486 5 1
486 6 3
486 7 7
486 8 8
486 9 8
486 10 1
487 1 1
487 2 5
487 3 10
487 4 6
487 5 7
487 6 4
487 7 2
487 8 7
487 9 9
487 10 10
488 1 10
488 2 7
488 3 10
488 4 6
488 5 7
488 6 4
488 7 5
488 8 1
488 9 9
488 10 1
489 1 7
489 2 8
489 3 8
489 4 4
489 5 1
489 6 6
489 7 10
489 8 9
489 9 2
489 10 9
490 1 2
490 2 2
490 3 2
490 4 2
490 5 2
490 6 3
490 7 5
490 8 2
490 9 6
490 10 6
491 1 4
491 2 5
491 3 10
491 4 10
491 5 8
491 6 3
491 7 2
491 8 8
491 9 5
491 10 7
492 1 5
492 2 8
492 3 7
492 4 1
492 5 3
492 6 3
492 7 8
492 8 9
492 9 4
492 10 5
493 1 10
493 2 4
493 3 1
493 4 6
493 5 7
493 6 7
493 7 6
493 8 2
493 9 5
493 10 5
494 1 10
494 2 7
494 3 6
494 4 9
494 5 6
494 6 8
494 7 4
494 8 8
494 9 6
494 10 4
495 1 1
495 2 6
495 3 10
495 4 5
495 5 2
495 6 9
495 7 9
495 8 6
495 9 7
495 10 5
496 1 6
496 2 10
496 3 7
496 4 2
496 5 2
496 6 1
496 7 8
496 8 10
496 9 3
496 10 2
497 1 9
497 2 1
497 3 4
497 4 9
497 5 5
497 6 3
497 7 6
497 8 6
497 9 1
497 10 5
498 1 5
498 2 7
498 3 4
498 4 3
498 5 8
498 6 8
498 7 10
498 8 2
498 9 8
498 10 10
499 1 7
499 2 10
499 3 4
499 4 1
499 5 3
499 6 1
499 7 3
499 8 1
499 9 4
499 10 3
500 1 5
500 2 4
500 3 6
500 4 1
500 5 2
500 6 5
500 7 2
500 8 9
500 9 10
500 10 7
